gateway_id	mount_level	player_count
1	1	124
1	2	6
1	4	2
1	5	2
1	9	2
1	12	2
1	16	4
1	17	2
1	21	4
1	25	2
1	28	2
1	30	2
1	32	2
1	34	2
1	39	2
1	40	14
1	49	2
1	55	2
1	59	2
1	62	2
1	66	2
1	68	2
1	70	20
1	73	2
1	75	2
1	77	2
1	78	2
1	79	6
1	80	2
1	81	2
1	84	4
1	89	2
1	90	8
1	93	6
1	94	2
1	97	2
1	98	2
1	99	4
1	100	20
1	111	4
1	112	2
1	113	6
1	114	2
1	115	2
1	116	4
1	119	2
1	120	34
1	127	2
1	129	2
1	130	8
1	132	4
1	133	6
1	134	10
1	135	22
1	136	38
1	137	18
1	138	6
10	1	28
10	2	4
10	3	4
10	5	4
10	12	2
10	14	2
10	29	2
10	34	4
10	36	2
10	40	4
10	52	2
10	67	4
10	70	6
10	85	2
10	91	2
10	98	2
10	100	6
10	102	2
10	108	2
10	115	2
10	119	2
10	120	4
10	132	2
10	133	8
10	134	6
10	135	10
10	136	14
10	137	10
10	138	2
51	1	32
51	2	2
51	3	2
51	4	2
51	8	2
51	9	4
51	13	2
51	21	2
51	36	2
51	40	4
51	45	2
51	52	2
51	60	2
51	61	2
51	65	2
51	70	6
51	72	2
51	77	2
51	82	2
51	83	2
51	92	2
51	100	4
51	114	2
51	116	4
51	120	34
51	132	2
51	133	4
55	1	38
55	13	2
55	17	2
55	22	2
55	25	2
55	40	4
55	49	2
55	64	2
55	70	6
55	73	4
55	76	2
55	77	2
55	78	2
55	80	2
55	85	2
55	86	2
55	87	2
55	88	4
55	91	2
55	92	2
55	93	2
55	100	4
55	101	2
55	103	2
55	108	2
55	109	2
55	111	2
55	115	2
55	116	2
55	118	2
55	119	2
55	120	32
65	1	14
65	4	4
65	7	2
65	8	2
65	10	2
65	13	2
65	20	2
65	25	2
65	37	2
65	39	2
65	40	6
65	47	2
65	48	2
65	50	2
65	51	2
65	60	2
65	62	2
65	65	2
65	70	8
65	83	2
65	88	2
65	91	2
65	92	2
65	94	6
65	96	6
65	97	2
65	98	2
65	99	2
65	100	4
65	105	2
65	109	2
65	110	2
65	112	2
65	114	2
65	115	6
65	116	4
65	117	4
65	118	10
65	119	4
65	120	12
67	1	4
67	2	2
67	5	2
67	8	2
67	35	2
67	51	2
67	72	2
67	89	2
67	100	4
67	110	2
67	117	2
67	118	2
68	1	6
68	68	2
68	94	2
68	96	2
68	100	4
70	1	6
70	6	2
70	7	2
70	33	2
70	38	2
70	39	2
70	60	2
70	65	2
70	70	4
70	79	2
70	84	2
70	95	2
70	96	2
70	97	2
70	98	4
70	100	6
70	103	2
70	106	2
71	1	10
71	2	2
71	3	2
71	30	2
71	64	2
71	88	2
71	97	2
71	98	2
71	100	2
72	1	14
72	3	2
72	8	2
72	13	2
72	29	2
72	32	2
72	91	2
72	96	2
72	97	2
73	1	10
73	70	2
75	1	16
75	2	2
75	5	2
75	7	4
75	16	2
75	23	2
75	27	2
75	33	2
75	38	2
75	70	2
75	77	2
75	81	4
75	85	2
76	1	46
76	3	4
76	8	4
76	9	2
76	11	2
76	18	4
76	24	2
76	37	2
76	40	6
76	46	2
76	58	2
76	70	12
77	1	28
77	2	2
77	3	2
77	6	2
77	7	2
77	8	2
77	15	2
77	17	2
77	19	2
77	21	2
77	32	2
77	34	2
77	36	2
77	37	2
77	38	2
77	40	2
77	44	2
77	46	2
77	49	2
77	52	4
77	53	4
77	58	2
77	67	2
78	1	112
78	2	4
78	3	4
78	5	2
78	6	4
78	7	4
78	9	2
78	15	2
78	18	2
78	19	2
78	29	4
78	32	2
78	34	4
78	37	2
78	38	2
78	40	2
78	44	2
78	47	2
78	48	4
78	50	2
78	52	4
78	57	2
80	1	62
146001	1	252
146001	2	6
146001	5	2
146001	6	2
146001	8	4
146001	10	2
146001	11	2
146001	15	4
146001	17	2
146001	22	2
146001	24	4
146001	25	4
146001	26	2
146001	27	2
146001	31	2
146001	35	2
146001	37	2
146001	38	2
146001	40	26
146001	44	2
146001	50	8
146001	52	2
146001	53	2
146001	57	4
146001	58	2
146001	61	2
146001	62	2
146001	63	2
146001	65	2
146001	66	2
146001	67	2
146001	68	2
146001	69	4
146001	70	28
146001	79	4
146001	80	4
146001	81	2
146001	82	2
146001	84	4
146001	85	2
146001	86	2
146001	87	2
146001	90	4
146001	92	2
146001	93	2
146001	96	2
146001	98	4
146001	100	24
146001	106	2
146001	110	2
146001	111	2
146001	112	6
146001	113	4
146001	114	2
146001	115	2
146001	116	4
146001	117	6
146001	118	4
146001	120	58
146001	122	2
146001	125	4
146001	127	4
146001	130	2
146001	132	4
146001	133	8
146001	134	22
146001	135	34
146001	136	38
146001	137	20
146001	138	2
146001	139	4
146001	140	4
146001	141	4
146001	146	2
146002	1	120
146002	6	2
146002	11	2
146002	12	2
146002	14	2
146002	18	2
146002	19	2
146002	20	2
146002	23	2
146002	24	4
146002	25	2
146002	27	4
146002	28	2
146002	34	2
146002	35	2
146002	37	2
146002	40	18
146002	47	2
146002	54	2
146002	57	2
146002	58	2
146002	60	2
146002	66	2
146002	69	2
146002	70	10
146002	71	2
146002	73	2
146002	74	2
146002	78	2
146002	87	2
146002	91	2
146002	97	2
146002	100	8
146002	116	2
146002	117	2
146002	118	2
146002	119	2
146002	120	20
146002	128	2
146002	130	2
146002	131	2
146002	132	4
146002	133	4
146002	134	10
146002	135	14
146002	136	20
146002	137	8
146005	1	140
146005	2	2
146005	5	2
146005	6	2
146005	7	2
146005	9	6
146005	11	2
146005	14	4
146005	15	4
146005	16	2
146005	17	2
146005	18	2
146005	25	2
146005	27	4
146005	28	4
146005	33	4
146005	36	2
146005	39	2
146005	40	20
146005	47	2
146005	48	4
146005	52	2
146005	54	2
146005	55	2
146005	57	2
146005	58	2
146005	63	4
146005	66	2
146005	67	2
146005	70	14
146005	72	2
146005	82	2
146005	84	2
146005	85	4
146005	86	8
146005	87	2
146005	88	4
146005	89	4
146005	93	2
146005	94	2
146005	95	6
146005	96	2
146005	97	2
146005	98	2
146005	99	4
146005	100	28
146005	108	2
146005	110	2
146005	111	2
146005	112	6
146005	113	2
146005	114	6
146005	115	2
146005	117	4
146005	118	2
146005	119	6
146005	120	84
146005	125	2
146005	127	2
146005	129	4
146005	130	6
146005	131	10
146005	132	8
146005	133	18
146005	134	20
146005	135	36
146005	136	46
146005	137	30
146005	138	4
146005	140	2
146031	1	14
146031	25	2
146031	27	2
146031	28	2
146031	33	2
146031	62	2
146031	120	22
146031	131	2
146031	134	6
146031	135	2
146031	136	6
146031	137	2
146040	1	76
146040	2	2
146040	4	2
146040	5	2
146040	6	8
146040	7	2
146040	13	2
146040	14	4
146040	16	2
146040	17	2
146040	21	2
146040	22	2
146040	24	4
146040	27	2
146040	34	2
146040	36	2
146040	38	2
146040	40	26
146040	45	2
146040	51	2
146040	52	2
146040	53	4
146040	56	2
146040	57	2
146040	59	2
146040	60	2
146040	63	2
146040	64	2
146040	66	2
146040	67	2
146040	68	2
146040	69	2
146040	70	14
146040	76	2
146040	80	4
146040	84	8
146040	85	2
146040	86	2
146040	87	2
146040	93	2
146040	94	4
146040	96	2
146040	98	2
146040	99	2
146040	100	12
146040	108	2
146040	109	2
146040	113	2
146040	115	2
146040	116	2
146040	118	2
146040	119	10
146040	120	64
146040	123	2
146040	126	2
146040	127	2
146040	130	2
146040	131	8
146040	132	4
146040	133	12
146040	134	26
146040	135	22
146040	136	10
146051	1	38
146051	2	6
146051	3	4
146051	7	4
146051	8	2
146051	10	2
146051	14	2
146051	15	2
146051	16	2
146051	18	2
146051	20	2
146051	22	2
146051	26	2
146051	27	2
146051	29	2
146051	32	2
146051	40	10
146051	41	2
146051	47	2
146051	54	2
146051	55	2
146051	60	2
146051	63	2
146051	66	2
146051	70	18
146051	71	4
146051	73	2
146051	76	2
146051	80	2
146051	83	2
146051	93	4
146051	97	2
146051	99	2
146051	100	10
146051	101	2
146051	108	2
146051	113	6
146051	114	2
146051	115	4
146051	116	4
146051	117	4
146051	118	4
146051	120	70
146051	125	4
146051	126	2
146051	128	4
146051	129	2
146051	130	2
146051	131	2
146051	132	2
146051	133	10
146051	134	18
146051	135	8
146051	136	2
146062	1	50
146062	2	2
146062	5	2
146062	7	2
146062	8	2
146062	9	2
146062	11	2
146062	12	2
146062	13	2
146062	16	2
146062	19	2
146062	28	2
146062	32	2
146062	34	2
146062	40	4
146062	44	4
146062	46	2
146062	51	2
146062	52	2
146062	54	2
146062	57	2
146062	58	2
146062	61	4
146062	65	4
146062	67	2
146062	70	12
146062	77	2
146062	78	2
146062	80	2
146062	81	2
146062	82	2
146062	87	2
146062	88	4
146062	94	2
146062	99	2
146062	100	38
146062	104	2
146062	107	2
146062	111	4
146062	114	2
146062	115	8
146062	116	6
146062	117	2
146062	119	2
146062	120	66
146062	124	2
146062	128	2
146062	130	2
146062	131	10
146062	132	12
146062	133	14
146062	134	2
146070	1	142
146070	2	2
146070	3	2
146070	10	2
146070	13	2
146070	27	2
146070	29	4
146070	36	4
146070	37	2
146070	39	2
146070	40	8
146070	48	4
146070	49	2
146070	50	6
146070	55	2
146070	61	2
146070	65	2
146070	70	8
146070	76	2
146070	78	4
146070	84	2
146070	85	4
146070	87	2
146070	90	4
146070	94	2
146070	95	2
146070	100	12
146070	112	4
146070	113	4
146070	115	2
146070	117	4
146070	118	2
146070	119	6
146070	120	70
146070	126	2
146070	132	2
146070	133	6
146072	1	72
146072	2	2
146072	8	2
146072	13	2
146072	16	2
146072	25	4
146072	34	2
146072	35	2
146072	37	2
146072	38	8
146072	39	4
146072	40	26
146072	67	2
146072	70	8
146072	74	2
146072	79	2
146072	82	2
146072	83	2
146072	85	2
146072	87	2
146072	93	2
146072	100	10
146072	104	4
146072	109	2
146072	110	4
146072	114	2
146072	118	4
146072	120	48
146072	131	4
146072	132	4
146075	1	52
146075	2	4
146075	3	2
146075	4	2
146075	5	2
146075	9	2
146075	11	2
146075	13	2
146075	17	2
146075	27	2
146075	33	2
146075	39	2
146075	40	2
146075	45	2
146075	57	2
146075	60	2
146075	62	2
146075	68	2
146075	70	12
146075	72	2
146075	74	2
146075	79	2
146075	80	2
146075	89	4
146075	91	2
146075	92	4
146075	95	4
146075	96	2
146075	98	4
146075	99	2
146075	100	12
146075	104	4
146075	108	2
146075	109	2
146075	110	6
146075	111	4
146075	112	6
146075	114	2
146075	115	2
146075	117	6
146075	118	2
146075	119	2
146075	120	86
146075	128	2
146075	134	2
146077	1	22
146077	2	2
146077	4	2
146077	17	2
146077	31	2
146077	40	2
146077	56	2
146077	60	2
146077	67	4
146077	69	2
146077	70	14
146077	74	2
146077	83	2
146077	86	2
146077	89	2
146077	99	2
146077	100	8
146077	102	4
146077	113	2
146077	115	2
146077	120	62
146082	1	278
146082	2	2
146082	4	2
146082	11	2
146082	19	2
146082	23	2
146082	24	2
146082	27	2
146082	32	2
146082	40	6
146082	42	2
146082	53	2
146082	62	2
146082	70	14
146082	72	4
146082	73	2
146082	76	2
146082	81	2
146082	85	2
146082	86	6
146082	87	2
146082	95	4
146082	97	2
146082	100	8
146082	109	2
146082	110	4
146082	111	6
146082	112	2
146082	114	2
146082	115	2
146082	117	4
146082	119	4
146082	120	78
146086	1	68
146086	6	2
146086	11	2
146086	22	2
146086	30	2
146086	37	2
146086	40	2
146086	43	2
146086	50	2
146086	58	2
146086	65	2
146086	70	4
146086	74	2
146086	95	2
146086	97	2
146086	100	14
146086	105	2
146086	109	2
146086	110	2
146086	112	2
146086	113	2
146086	116	4
146086	117	6
146086	119	2
146086	120	44
146088	1	82
146088	5	2
146088	9	2
146088	11	2
146088	15	4
146088	23	2
146088	24	2
146088	30	2
146088	36	2
146088	39	2
146088	40	6
146088	44	2
146088	46	2
146088	48	2
146088	53	2
146088	56	2
146088	58	2
146088	59	2
146088	60	2
146088	62	2
146088	65	2
146088	68	2
146088	70	12
146088	73	2
146088	74	2
146088	76	2
146088	80	2
146088	81	2
146088	84	2
146088	88	2
146088	89	2
146088	91	2
146088	94	2
146088	96	2
146088	100	8
146088	103	2
146088	108	2
146088	110	2
146088	113	2
146088	115	8
146088	116	2
146088	117	2
146088	118	4
146088	119	4
146088	120	38
146089	1	214
146089	2	8
146089	7	2
146089	8	2
146089	12	4
146089	14	2
146089	15	2
146089	19	2
146089	20	2
146089	25	2
146089	26	2
146089	34	2
146089	40	6
146089	42	2
146089	62	2
146089	64	2
146089	67	2
146089	70	6
146089	76	2
146089	77	2
146089	81	2
146089	82	2
146089	86	2
146089	92	2
146089	93	2
146089	94	2
146089	95	2
146089	99	2
146089	100	8
146089	108	2
146089	112	2
146089	114	2
146089	119	8
146089	120	32
146091	1	74
146091	2	8
146091	7	2
146091	13	2
146091	18	2
146091	27	2
146091	39	2
146091	40	4
146091	42	2
146091	47	2
146091	58	2
146091	59	2
146091	62	2
146091	70	4
146091	78	2
146091	80	2
146091	84	2
146091	86	4
146091	87	2
146091	88	2
146091	89	2
146091	93	2
146091	96	2
146091	97	2
146091	100	4
146091	111	2
146091	112	2
146091	115	2
146091	117	6
146091	118	4
146091	119	8
146091	120	12
146092	1	210
146092	3	4
146092	4	2
146092	5	4
146092	6	2
146092	8	2
146092	10	2
146092	12	6
146092	18	4
146092	19	2
146092	21	2
146092	22	2
146092	26	2
146092	28	2
146092	31	2
146092	32	2
146092	35	4
146092	37	2
146092	40	8
146092	42	2
146092	43	2
146092	48	2
146092	52	4
146092	66	4
146092	67	2
146092	70	12
146092	73	2
146092	77	2
146092	79	4
146092	80	2
146092	81	2
146092	82	2
146092	84	2
146092	87	2
146092	89	4
146092	91	8
146092	92	2
146092	93	4
146092	96	2
146092	99	2
146092	100	28
146092	105	2
146092	106	2
146092	108	2
146092	110	4
146092	112	6
146092	113	6
146092	114	2
146092	115	4
146092	116	8
146092	117	4
146092	118	6
146092	119	4
146092	120	18
146094	1	182
146094	3	4
146094	6	2
146094	13	2
146094	18	2
146094	21	2
146094	40	12
146094	51	4
146094	67	2
146094	70	4
146094	78	2
146094	82	4
146094	84	2
146094	85	2
146094	86	2
146094	87	2
146094	88	2
146094	90	2
146094	92	2
146094	94	2
146094	95	2
146094	98	2
146094	100	10
146094	106	4
146094	107	2
146094	110	4
146094	113	2
146094	116	2
146094	117	2
146094	118	4
146094	119	4
146094	120	4
146096	1	150
146096	2	4
146096	4	2
146096	5	2
146096	7	2
146096	10	2
146096	16	2
146096	17	2
146096	19	2
146096	21	2
146096	25	2
146096	40	2
146096	42	2
146096	47	2
146096	48	2
146096	51	2
146096	56	2
146096	58	2
146096	61	2
146096	62	2
146096	64	2
146096	65	2
146096	67	2
146096	68	2
146096	70	8
146096	73	2
146096	77	2
146096	82	4
146096	89	2
146096	91	2
146096	92	4
146096	93	2
146096	95	2
146096	96	2
146096	99	4
146096	100	32
146096	105	2
146096	110	6
146096	112	2
146096	114	6
146096	115	6
146096	117	2
146096	119	2
146098	1	66
146098	6	2
146098	7	2
146098	8	2
146098	11	2
146098	14	2
146098	18	4
146098	19	4
146098	34	2
146098	39	2
146098	45	2
146098	49	4
146098	50	2
146098	52	2
146098	61	2
146098	69	2
146098	70	10
146098	77	2
146098	95	2
146098	96	2
146098	100	12
146098	109	2
146098	110	2
146098	111	2
146098	112	8
146098	113	2
146098	114	2
146099	1	82
146099	8	4
146099	11	6
146099	27	2
146099	30	2
146099	31	2
146099	37	2
146099	40	12
146099	43	2
146099	45	4
146099	46	2
146099	50	2
146099	58	2
146099	63	2
146099	66	4
146099	70	18
146099	71	2
146099	77	2
146099	81	2
146099	83	4
146099	84	2
146099	88	2
146099	90	4
146099	100	30
146099	103	2
146099	111	2
146099	112	2
146099	113	8
146100	1	122
146100	4	2
146100	5	2
146100	7	2
146100	8	4
146100	10	2
146100	22	2
146100	27	2
146100	37	2
146100	40	6
146100	44	2
146100	52	4
146100	55	2
146100	58	2
146100	69	4
146100	70	18
146100	76	2
146100	78	2
146100	80	2
146100	81	2
146100	82	2
146100	83	2
146100	85	4
146100	86	2
146100	87	2
146100	90	2
146100	97	2
146100	99	2
146100	100	36
146100	109	2
146100	111	2
146100	112	8
146100	113	2
146101	1	44
146101	2	2
146101	3	6
146101	8	4
146101	10	2
146101	11	2
146101	17	2
146101	20	2
146101	21	2
146101	23	2
146101	27	2
146101	29	2
146101	31	4
146101	39	2
146101	40	2
146101	44	2
146101	54	2
146101	55	2
146101	58	2
146101	62	2
146101	68	2
146101	70	8
146101	80	2
146101	82	2
146101	83	2
146101	88	2
146101	89	2
146101	90	2
146101	91	2
146101	92	2
146101	95	2
146101	97	2
146101	99	2
146101	100	26
146101	106	2
146101	107	2
146102	1	24
146102	2	4
146102	3	2
146102	7	2
146102	11	2
146102	12	2
146102	13	4
146102	14	2
146102	15	2
146102	17	2
146102	22	2
146102	23	4
146102	25	2
146102	30	2
146102	38	2
146102	40	4
146102	44	4
146102	48	2
146102	50	2
146102	52	2
146102	57	2
146102	59	2
146102	62	2
146102	64	2
146102	70	8
146102	79	2
146102	81	2
146102	84	2
146102	86	6
146102	87	2
146102	89	2
146102	90	4
146102	91	4
146102	92	2
146102	93	2
146102	94	4
146102	96	2
146102	98	4
146102	99	2
146102	100	34
146102	116	2
146103	1	88
146103	2	2
146103	7	2
146103	15	2
146103	19	2
146103	23	2
146103	25	2
146103	28	2
146103	29	2
146103	38	2
146103	40	4
146103	51	2
146103	58	4
146103	70	10
146103	72	2
146103	73	4
146103	76	2
146103	77	2
146103	78	2
146103	80	2
146103	81	4
146103	85	2
146103	86	4
146103	89	2
146103	91	2
146103	93	2
146103	96	4
146103	97	4
146103	99	4
146103	100	26
146104	1	38
146104	8	2
146104	9	2
146104	17	2
146104	22	2
146104	25	2
146104	49	2
146104	52	2
146104	56	4
146104	60	2
146104	64	2
146104	70	2
146104	76	2
146104	87	4
146104	89	2
146104	90	4
146104	92	2
146104	100	6
146111	1	194
146111	2	4
146111	3	4
146111	4	2
146111	5	2
146111	6	6
146111	8	4
146111	9	4
146111	10	2
146111	11	2
146111	13	2
146111	14	2
146111	15	4
146111	16	4
146111	17	4
146111	18	2
146111	20	2
146111	21	2
146111	23	2
146111	24	2
146111	25	4
146111	28	4
146111	33	2
146111	36	2
146111	37	2
146111	38	4
146111	40	2
146111	44	4
146111	46	2
146111	49	2
146111	51	4
146111	52	2
146111	53	6
146111	54	2
146111	55	2
146111	56	2
146111	57	2
146111	59	2
146111	61	2
146111	63	4
146111	64	2
146111	65	2
146111	66	4
146111	68	4
146111	70	16
146111	73	2
146111	78	2
146112	1	162
146112	2	8
146112	4	2
146112	5	2
146112	6	2
146112	8	4
146112	9	4
146112	10	4
146112	11	2
146112	14	4
146112	15	6
146112	16	8
146112	17	4
146112	23	2
146112	24	2
146112	27	2
146112	28	6
146112	30	4
146112	31	2
146112	32	2
146112	33	4
146112	35	2
146112	37	2
146112	40	10
146112	44	6
146112	47	2
146112	48	4
146112	49	8
146112	50	4
146112	53	4
146112	54	2
146112	55	4
146112	56	2
146112	57	2
146112	58	4
146112	59	4
146112	60	4
146112	61	2
146112	63	2
146112	64	6
146112	65	4
146112	67	2
146112	68	4
146112	69	2
146113	1	174
146113	2	4
146113	3	2
146113	7	2
146113	8	2
146113	9	2
146113	11	2
146113	12	2
146113	15	2
146113	18	2
146113	20	2
146113	21	6
146113	28	2
146113	29	2
146113	31	2
146113	34	2
146113	35	4
146113	36	2
146113	38	2
146113	39	2
146113	40	4
146113	41	2
146113	42	2
146113	43	2
146113	45	4
146113	47	2
146113	48	4
146113	50	2
146113	51	4
146113	52	4
146113	53	2
146113	70	2
146114	1	298
146114	2	16
146114	3	4
146114	6	4
146114	7	2
146114	8	6
146114	9	4
146114	10	2
146114	11	4
146114	12	2
146114	13	6
146114	15	6
146114	16	4
146114	17	2
146114	19	2
146114	20	2
146114	21	6
146114	22	2
146114	23	4
146114	25	2
146114	27	4
146114	28	6
146114	30	2
146114	31	2
146114	33	4
146114	34	4
146114	35	2
146114	36	2
146114	37	4
146114	38	2
146114	42	2
146114	44	6
146114	47	2
146114	48	2
146115	1	770
146115	2	14
146115	4	2
146115	7	8
146115	8	6
146115	9	4
146115	10	4
146115	11	2
146115	12	4
146115	13	4
146115	14	6
146115	15	2
146115	16	2
146115	17	2
146115	18	4
146115	19	2
146115	20	4
146115	22	2
146115	23	4
146115	24	2
146115	25	8
146115	27	6
146115	29	4
146115	30	2
146115	32	2
146115	36	2
146116	1	1088
146116	2	2
146116	4	2
146116	5	2
146116	7	6
146116	8	6
146116	9	2
146116	10	2
146116	12	2
146116	13	2
146116	14	6
146116	15	2
153001	1	188
153001	2	4
153001	5	2
153001	7	4
153001	8	2
153001	9	4
153001	10	2
153001	11	4
153001	12	4
153001	13	4
153001	14	4
153001	17	4
153001	18	2
153001	19	2
153001	20	2
153001	24	2
153001	25	2
153001	32	10
153001	35	2
153001	38	2
153001	39	2
153001	40	18
153001	44	2
153001	50	2
153001	52	2
153001	65	2
153001	66	2
153001	69	2
153001	70	18
153001	71	2
153001	80	2
153001	84	2
153001	85	2
153001	86	2
153001	88	2
153001	90	2
153001	91	2
153001	93	4
153001	95	2
153001	96	2
153001	97	2
153001	99	4
153001	100	30
153001	102	2
153001	103	4
153001	105	2
153001	106	2
153001	107	2
153001	108	2
153001	109	2
153001	110	2
153001	111	4
153001	112	6
153001	113	2
153001	114	4
153001	115	12
153001	116	12
153001	118	2
153001	119	10
153001	120	84
153001	121	2
153001	123	2
153001	124	2
153001	127	6
153001	128	2
153001	130	4
153001	131	4
153001	132	6
153001	133	14
153001	134	38
153001	135	38
153001	136	32
153001	137	34
153001	138	6
153001	140	2
153002	1	36
153002	2	2
153002	7	6
153002	9	2
153002	17	2
153002	24	2
153002	33	2
153002	38	2
153002	40	4
153002	45	6
153002	52	2
153002	60	2
153002	65	2
153002	70	16
153002	74	4
153002	77	2
153002	84	4
153002	86	2
153002	87	2
153002	90	4
153002	92	2
153002	93	4
153002	95	2
153002	97	2
153002	100	14
153002	110	2
153002	118	2
153002	120	24
153002	127	2
153002	129	2
153002	131	2
153002	132	4
153002	133	6
153002	134	6
153002	135	14
153002	136	14
153002	137	22
153002	138	2
153005	1	24
153005	3	4
153005	5	2
153005	6	2
153005	8	4
153005	9	4
153005	12	2
153005	17	4
153005	18	2
153005	39	4
153005	40	6
153005	59	2
153005	83	4
153005	87	2
153005	93	2
153005	100	4
153005	113	2
153005	117	2
153005	120	20
153005	130	2
153005	133	6
153005	134	10
153005	135	12
153005	136	20
153005	137	18
153005	138	2
153007	1	44
153007	2	2
153007	4	2
153007	6	2
153007	11	2
153007	14	4
153007	21	2
153007	25	2
153007	27	2
153007	29	2
153007	30	4
153007	40	10
153007	46	2
153007	51	2
153007	53	2
153007	56	2
153007	61	2
153007	62	2
153007	70	20
153007	74	2
153007	75	2
153007	77	2
153007	79	4
153007	81	4
153007	83	10
153007	84	2
153007	87	4
153007	90	2
153007	93	2
153007	94	2
153007	96	2
153007	97	2
153007	100	12
153007	105	2
153007	108	4
153007	109	2
153007	110	2
153007	112	2
153007	117	4
153007	118	2
153007	120	46
153007	127	2
153007	129	2
153007	132	4
153007	133	20
153007	134	12
153007	135	28
153007	136	52
153007	137	10
153007	140	2
153009	1	34
153009	3	4
153009	6	2
153009	7	2
153009	8	2
153009	12	4
153009	15	2
153009	34	4
153009	36	4
153009	38	4
153009	39	4
153009	40	4
153009	61	4
153009	62	2
153009	63	2
153009	69	2
153009	70	12
153009	72	2
153009	76	2
153009	79	2
153009	81	2
153009	82	2
153009	83	2
153009	85	2
153009	86	2
153009	89	2
153009	90	2
153009	91	4
153009	93	2
153009	97	2
153009	98	2
153009	99	2
153009	100	10
153009	109	2
153009	113	4
153009	114	2
153009	115	2
153009	117	2
153009	118	2
153009	119	8
153009	120	72
153009	122	2
153009	127	2
153009	129	2
153009	130	6
153009	132	10
153009	133	12
153009	134	12
153009	135	22
153009	136	42
153009	137	30
153009	138	4
153009	139	2
153009	140	2
153011	1	24
153011	2	4
153011	7	2
153011	14	2
153011	65	2
153011	70	6
153011	76	2
153011	82	2
153011	87	2
153011	95	2
153011	98	2
153011	100	8
153011	112	2
153011	118	2
153011	119	2
153011	120	30
153011	129	2
153011	132	2
153011	134	12
153011	135	16
153011	136	28
153011	137	16
153011	138	8
153011	139	2
153015	1	80
153015	2	4
153015	5	2
153015	8	6
153015	11	4
153015	12	2
153015	17	2
153015	18	2
153015	19	2
153015	20	2
153015	22	2
153015	24	2
153015	25	4
153015	26	2
153015	27	2
153015	29	4
153015	36	2
153015	38	2
153015	40	24
153015	45	2
153015	50	2
153015	52	4
153015	53	2
153015	56	2
153015	57	2
153015	58	2
153015	60	2
153015	61	2
153015	62	2
153015	68	2
153015	69	2
153015	70	24
153015	73	2
153015	75	2
153015	79	4
153015	81	2
153015	83	4
153015	84	2
153015	86	2
153015	87	2
153015	89	2
153015	90	2
153015	91	6
153015	92	2
153015	94	2
153015	95	2
153015	100	28
153015	106	2
153015	109	2
153015	111	2
153015	112	2
153015	114	6
153015	115	6
153015	116	6
153015	117	2
153015	118	2
153015	120	68
153015	124	2
153015	125	2
153015	127	4
153015	128	2
153015	129	4
153015	130	4
153015	131	2
153015	132	4
153015	133	10
153015	134	24
153015	135	22
153015	136	44
153015	137	30
153015	138	10
153019	1	20
153019	14	2
153019	16	2
153019	40	4
153019	41	2
153019	46	2
153019	65	2
153019	66	4
153019	70	6
153019	76	2
153019	82	4
153019	89	2
153019	94	2
153019	95	2
153019	98	4
153019	110	2
153019	118	2
153019	120	22
153019	128	2
153019	132	2
153019	133	2
153019	134	6
153019	135	12
153019	136	30
153019	137	30
153020	1	24
153020	3	2
153020	6	2
153020	8	2
153020	12	2
153020	15	2
153020	18	2
153020	19	2
153020	20	2
153020	21	2
153020	23	2
153020	24	4
153020	25	2
153020	27	2
153020	28	4
153020	30	2
153020	36	2
153020	40	8
153020	41	2
153020	69	4
153020	70	4
153020	81	2
153020	84	2
153020	86	2
153020	93	2
153020	98	2
153020	99	4
153020	100	2
153020	107	2
153020	113	2
153020	114	2
153020	117	2
153020	118	2
153020	119	2
153020	120	44
153020	124	2
153020	129	2
153020	130	2
153020	131	4
153020	133	4
153020	134	4
153020	135	10
153020	136	30
153020	137	24
153023	1	50
153023	2	2
153023	3	2
153023	4	2
153023	12	2
153023	13	2
153023	14	2
153023	18	2
153023	25	2
153023	29	2
153023	31	2
153023	36	2
153023	37	2
153023	39	2
153023	40	24
153023	42	2
153023	43	4
153023	47	2
153023	48	2
153023	49	2
153023	50	2
153023	51	2
153023	52	2
153023	54	2
153023	55	4
153023	56	4
153023	59	4
153023	60	2
153023	61	2
153023	62	2
153023	65	12
153023	66	2
153023	67	2
153023	68	2
153023	69	4
153023	70	12
153023	75	2
153023	77	4
153023	78	2
153023	79	8
153023	82	4
153023	83	6
153023	84	2
153023	86	2
153023	87	2
153023	88	4
153023	92	2
153023	93	4
153023	96	2
153023	97	2
153023	100	20
153023	101	2
153023	104	2
153023	109	4
153023	110	6
153023	111	6
153023	114	2
153023	117	2
153023	118	2
153023	119	4
153023	120	52
153023	131	2
153023	132	12
153023	133	4
153023	134	24
153023	135	18
153023	136	18
153023	137	20
153023	138	10
153028	1	28
153028	2	2
153028	3	2
153028	12	2
153028	18	2
153028	24	2
153028	33	2
153028	39	2
153028	40	14
153028	50	2
153028	53	2
153028	54	4
153028	55	2
153028	57	2
153028	61	2
153028	63	2
153028	69	2
153028	70	14
153028	75	2
153028	76	2
153028	78	2
153028	79	2
153028	84	2
153028	86	2
153028	87	2
153028	90	2
153028	92	2
153028	93	2
153028	96	2
153028	100	8
153028	106	2
153028	107	2
153028	112	6
153028	118	2
153028	120	42
153028	130	4
153028	131	4
153028	132	2
153028	133	4
153028	134	12
153028	135	26
153028	136	28
153028	137	14
153028	139	2
153033	1	46
153033	9	2
153033	13	2
153033	19	2
153033	21	2
153033	34	2
153033	40	10
153033	54	2
153033	56	2
153033	59	2
153033	61	2
153033	63	2
153033	64	4
153033	65	2
153033	69	2
153033	70	20
153033	85	2
153033	88	2
153033	90	2
153033	93	2
153033	99	2
153033	100	12
153033	111	4
153033	112	2
153033	114	4
153033	115	2
153033	116	2
153033	117	2
153033	119	10
153033	120	72
153033	121	2
153033	127	2
153033	130	8
153033	131	4
153033	132	6
153033	133	14
153033	134	18
153033	135	20
153033	136	48
153033	137	12
153040	1	16
153040	5	2
153040	16	2
153040	29	2
153040	44	2
153040	53	2
153040	63	2
153040	68	2
153040	70	2
153040	77	2
153040	88	2
153040	91	2
153040	100	4
153040	115	2
153040	120	16
153040	130	2
153040	132	6
153040	133	2
153040	134	10
153040	135	22
153040	136	8
153042	1	30
153042	2	2
153042	5	2
153042	7	2
153042	8	4
153042	19	2
153042	28	2
153042	37	2
153042	40	16
153042	41	2
153042	43	2
153042	46	2
153042	51	2
153042	53	2
153042	54	2
153042	56	2
153042	57	2
153042	64	2
153042	65	2
153042	67	2
153042	68	4
153042	69	2
153042	70	32
153042	76	2
153042	79	2
153042	80	2
153042	85	4
153042	88	2
153042	90	2
153042	91	6
153042	93	4
153042	94	2
153042	95	2
153042	96	2
153042	97	2
153042	100	10
153042	101	2
153042	104	4
153042	113	2
153042	114	2
153042	115	6
153042	119	2
153042	120	74
153042	124	2
153042	131	4
153042	132	8
153042	133	8
153042	134	24
153042	135	42
153042	136	12
153042	137	4
153043	1	14
153043	7	2
153043	8	4
153043	18	2
153043	23	2
153043	28	2
153043	39	2
153043	52	2
153043	65	2
153043	66	2
153043	67	2
153043	70	12
153043	85	2
153043	88	2
153043	91	2
153043	97	2
153043	98	2
153043	100	10
153043	109	2
153043	112	2
153043	115	2
153043	118	2
153043	120	44
153043	127	2
153043	132	4
153043	133	4
153043	134	12
153043	135	12
153043	136	10
153046	1	6
153046	18	2
153046	28	2
153046	34	2
153046	42	2
153046	100	2
153046	119	2
153046	120	6
153046	121	2
153046	133	4
153046	134	4
153046	135	6
153046	136	6
153046	137	2
153048	1	12
153048	13	2
153048	16	2
153048	40	8
153048	51	2
153048	54	2
153048	61	2
153048	63	2
153048	70	14
153048	73	2
153048	84	4
153048	86	2
153048	89	2
153048	96	2
153048	97	2
153048	98	2
153048	100	6
153048	102	2
153048	104	2
153048	112	2
153048	116	2
153048	117	2
153048	119	2
153048	120	38
153048	126	2
153048	127	2
153048	129	2
153048	131	6
153048	132	2
153048	133	10
153048	134	10
153048	135	26
153048	136	12
153049	1	18
153049	3	2
153049	7	2
153049	11	2
153049	14	2
153049	31	2
153049	47	2
153049	68	2
153049	70	6
153049	77	2
153049	89	2
153049	90	2
153049	95	2
153049	100	8
153049	111	2
153049	112	2
153049	113	2
153049	115	4
153049	119	2
153049	120	24
153049	125	2
153049	129	2
153049	133	2
153049	134	6
153049	135	18
153049	136	8
153052	1	44
153052	3	2
153052	6	2
153052	7	2
153052	8	2
153052	9	2
153052	10	4
153052	14	2
153052	19	2
153052	24	2
153052	27	2
153052	28	2
153052	29	4
153052	38	2
153052	40	10
153052	44	2
153052	53	2
153052	58	2
153052	64	2
153052	70	14
153052	77	4
153052	78	4
153052	81	4
153052	82	2
153052	85	2
153052	86	2
153052	91	2
153052	93	2
153052	100	8
153052	111	4
153052	113	4
153052	115	4
153052	117	2
153052	119	6
153052	120	64
153052	132	4
153052	133	4
153052	134	14
153052	135	24
153052	136	6
153052	137	2
153060	1	40
153060	7	2
153060	9	2
153060	14	2
153060	17	2
153060	25	2
153060	28	2
153060	39	2
153060	40	6
153060	49	2
153060	54	2
153060	55	2
153060	58	2
153060	68	2
153060	70	10
153060	85	2
153060	86	2
153060	94	2
153060	95	2
153060	96	2
153060	97	4
153060	100	10
153060	102	4
153060	109	2
153060	114	2
153060	116	2
153060	117	6
153060	120	44
153060	131	6
153060	132	8
153060	133	4
153060	134	10
153060	135	2
153062	1	90
153062	2	2
153062	3	2
153062	7	2
153062	8	2
153062	9	2
153062	10	6
153062	11	4
153062	12	4
153062	13	2
153062	14	4
153062	15	4
153062	18	2
153062	23	4
153062	24	2
153062	30	2
153062	38	2
153062	40	8
153062	47	2
153062	53	2
153062	62	4
153062	64	4
153062	65	2
153062	66	2
153062	68	2
153062	70	14
153062	72	2
153062	76	2
153062	77	4
153062	78	4
153062	85	2
153062	86	2
153062	88	2
153062	90	4
153062	91	2
153062	92	2
153062	93	6
153062	94	8
153062	98	8
153062	99	4
153062	100	14
153062	101	2
153062	103	2
153062	107	2
153062	108	2
153062	112	2
153062	114	6
153062	116	4
153062	118	6
153062	119	8
153062	120	106
153062	130	6
153062	131	2
153062	132	6
153062	133	14
153062	134	14
153062	135	2
153062	136	2
153068	1	36
153068	2	2
153068	13	2
153068	14	2
153068	16	2
153068	20	2
153068	28	2
153068	29	2
153068	31	2
153068	37	2
153068	38	2
153068	39	2
153068	40	8
153068	44	4
153068	47	2
153068	53	2
153068	54	2
153068	58	2
153068	62	2
153068	67	2
153068	68	2
153068	70	6
153068	79	2
153068	82	4
153068	84	6
153068	86	4
153068	88	2
153068	89	2
153068	91	2
153068	93	2
153068	94	2
153068	100	8
153068	103	2
153068	107	2
153068	110	4
153068	114	2
153068	116	6
153068	117	2
153068	118	2
153068	119	4
153068	120	62
153068	122	2
153068	130	8
153068	131	4
153068	132	6
153068	133	6
153072	1	34
153072	2	4
153072	13	2
153072	24	2
153072	32	2
153072	36	4
153072	40	2
153072	46	2
153072	59	4
153072	64	4
153072	70	16
153072	74	2
153072	83	2
153072	84	2
153072	88	2
153072	90	2
153072	91	8
153072	92	4
153072	93	6
153072	94	4
153072	95	4
153072	96	2
153072	97	2
153072	98	4
153072	100	18
153072	108	2
153072	109	2
153072	112	4
153072	114	2
153072	115	2
153072	116	2
153072	117	4
153072	118	2
153072	119	14
153072	120	102
153072	133	2
153076	1	56
153076	2	2
153076	6	2
153076	7	2
153076	13	2
153076	15	2
153076	17	2
153076	19	2
153076	35	2
153076	38	2
153076	39	2
153076	42	2
153076	46	2
153076	62	2
153076	70	12
153076	77	2
153076	83	6
153076	90	2
153076	94	2
153076	95	2
153076	96	4
153076	97	2
153076	100	18
153076	109	2
153076	111	4
153076	113	2
153076	116	8
153076	117	8
153076	118	8
153076	119	6
153076	120	106
153080	1	20
153080	5	2
153080	12	2
153080	17	4
153080	24	2
153080	28	2
153080	29	2
153080	36	2
153080	40	2
153080	54	2
153080	64	2
153080	69	2
153080	70	6
153080	80	2
153080	81	2
153080	91	2
153080	99	4
153080	100	6
153080	106	2
153080	110	2
153080	111	2
153080	114	4
153080	115	2
153080	116	2
153080	117	6
153080	119	10
153080	120	58
153080	131	2
153084	1	44
153084	2	8
153084	4	2
153084	6	2
153084	9	2
153084	10	2
153084	11	4
153084	16	2
153084	18	2
153084	21	4
153084	22	2
153084	32	2
153084	35	2
153084	39	2
153084	40	6
153084	42	2
153084	49	2
153084	55	2
153084	62	2
153084	63	2
153084	69	2
153084	70	8
153084	72	2
153084	80	2
153084	88	2
153084	95	2
153084	96	2
153084	100	22
153084	109	2
153084	110	6
153084	114	2
153084	115	2
153084	116	2
153084	118	6
153084	119	4
153084	120	58
153086	1	36
153086	2	2
153086	25	2
153086	35	2
153086	37	2
153086	40	6
153086	55	2
153086	59	2
153086	63	2
153086	66	2
153086	67	2
153086	70	6
153086	73	2
153086	74	2
153086	77	2
153086	81	2
153086	83	2
153086	84	2
153086	87	2
153086	93	4
153086	94	4
153086	96	2
153086	99	2
153086	100	14
153086	107	4
153086	108	2
153086	110	4
153086	111	2
153086	112	4
153086	113	2
153086	114	2
153086	115	2
153086	116	6
153086	117	6
153086	119	6
153086	120	58
153091	1	34
153091	4	4
153091	6	2
153091	7	2
153091	22	2
153091	23	2
153091	24	2
153091	26	2
153091	29	2
153091	32	2
153091	35	2
153091	39	2
153091	40	2
153091	60	4
153091	64	2
153091	67	2
153091	69	2
153091	70	4
153091	71	2
153091	87	2
153091	88	2
153091	89	2
153091	91	2
153091	94	2
153091	98	2
153091	100	8
153091	112	4
153091	113	2
153091	115	2
153091	116	4
153091	118	2
153091	120	8
153093	1	40
153093	2	2
153093	20	2
153093	29	2
153093	33	2
153093	34	2
153093	36	2
153093	40	6
153093	49	2
153093	54	2
153093	55	2
153093	57	2
153093	60	2
153093	69	2
153093	70	6
153093	74	2
153093	87	2
153093	89	2
153093	94	2
153093	97	2
153093	100	8
153093	110	4
153093	111	4
153093	112	2
153093	113	2
153093	114	4
153093	116	2
153093	117	8
153093	119	6
153093	120	20
153095	1	30
153095	3	2
153095	6	2
153095	10	2
153095	11	2
153095	16	2
153095	17	2
153095	25	2
153095	31	2
153095	32	4
153095	34	2
153095	39	6
153095	40	6
153095	51	2
153095	53	8
153095	56	2
153095	58	2
153095	61	2
153095	62	2
153095	68	4
153095	70	14
153095	79	2
153095	81	2
153095	83	2
153095	86	2
153095	88	2
153095	91	2
153095	93	2
153095	96	2
153095	100	24
153095	101	2
153095	106	2
153095	107	2
153095	112	4
153095	113	2
153095	114	4
153095	115	4
153095	117	10
153095	119	2
153099	1	60
153099	2	4
153099	6	2
153099	13	2
153099	14	2
153099	16	2
153099	28	2
153099	38	2
153099	40	6
153099	48	2
153099	52	4
153099	60	2
153099	68	6
153099	69	2
153099	70	4
153099	76	4
153099	78	2
153099	80	2
153099	82	2
153099	88	2
153099	89	2
153099	98	2
153099	100	10
153099	104	2
153099	106	2
153099	107	2
153099	113	2
153099	115	2
153099	116	2
153101	1	22
153101	2	4
153101	3	2
153101	8	2
153101	9	2
153101	14	2
153101	16	2
153101	18	2
153101	20	2
153101	21	2
153101	22	2
153101	25	4
153101	26	2
153101	27	2
153101	28	2
153101	29	4
153101	31	2
153101	33	2
153101	35	2
153101	36	2
153101	40	12
153101	44	2
153101	48	2
153101	51	2
153101	53	2
153101	54	2
153101	55	2
153101	56	2
153101	60	2
153101	61	2
153101	63	4
153101	65	2
153101	67	2
153101	69	2
153101	70	4
153101	73	2
153101	74	2
153101	76	2
153101	77	2
153101	79	4
153101	81	2
153101	82	2
153101	83	4
153101	85	2
153101	87	2
153101	88	2
153101	90	2
153101	91	4
153101	92	4
153101	93	4
153101	95	2
153101	96	2
153101	97	2
153101	98	2
153101	99	2
153101	100	30
153101	103	2
153101	107	2
153101	110	2
153101	111	4
153101	112	4
153103	1	8
153103	3	2
153103	21	2
153103	23	2
153103	24	2
153103	26	4
153103	31	2
153103	40	2
153103	57	2
153103	61	2
153103	69	4
153103	70	16
153103	72	2
153103	84	2
153103	90	2
153103	94	4
153103	95	2
153103	96	2
153103	99	2
153103	100	4
153103	107	2
153104	1	32
153104	2	4
153104	7	2
153104	9	2
153104	19	2
153104	21	2
153104	25	4
153104	29	2
153104	30	2
153104	32	2
153104	34	2
153104	39	2
153104	40	6
153104	44	4
153104	46	2
153104	47	2
153104	50	2
153104	51	2
153104	57	2
153104	58	6
153104	68	2
153104	70	8
153104	73	2
153104	76	4
153104	77	4
153104	78	2
153104	79	2
153104	80	2
153104	82	2
153104	83	2
153104	85	2
153104	87	2
153104	88	2
153104	90	4
153104	91	2
153104	92	2
153104	94	2
153104	95	2
153104	98	2
153104	100	24
153105	1	58
153105	5	2
153105	6	2
153105	7	4
153105	9	2
153105	12	2
153105	15	2
153105	17	2
153105	19	6
153105	20	4
153105	23	4
153105	27	2
153105	35	2
153105	40	2
153105	48	2
153105	49	2
153105	50	2
153105	58	2
153105	70	4
153105	75	2
153105	79	4
153105	80	2
153105	85	2
153105	86	2
153105	89	2
153105	91	4
153105	92	6
153105	93	4
153105	94	4
153107	1	36
153107	2	2
153107	9	2
153107	10	2
153107	11	2
153107	12	2
153107	14	2
153107	15	2
153107	16	4
153107	22	2
153107	24	2
153107	27	2
153107	34	2
153107	35	2
153107	40	4
153107	41	2
153107	48	2
153107	51	2
153107	52	2
153107	54	2
153107	65	4
153107	66	4
153107	67	2
153107	68	4
153107	69	2
153107	82	2
153107	84	2
153107	87	2
153107	89	2
153107	93	2
153107	96	2
153107	100	2
153111	1	36
153111	8	2
153111	16	2
153111	20	2
153111	31	2
153111	50	2
153111	61	4
153111	63	4
153111	64	2
153111	66	4
153111	70	8
153112	1	42
153112	2	4
153112	5	2
153112	7	2
153112	8	6
153112	11	2
153112	17	6
153112	21	4
153112	22	4
153112	26	2
153112	28	2
153112	32	2
153112	37	2
153112	44	4
153112	45	2
153112	47	2
153112	49	2
153112	51	2
153112	58	2
153112	60	2
153112	62	6
153112	66	2
153112	70	2
153113	1	64
153113	2	2
153113	3	2
153113	4	2
153113	5	2
153113	9	4
153113	11	2
153113	18	4
153113	21	2
153113	24	4
153113	27	2
153113	28	2
153113	29	4
153113	30	2
153113	32	4
153113	33	2
153113	47	2
153113	56	2
153113	58	2
153113	59	6
153113	60	2
153113	61	2
153113	62	2
153113	63	2
153113	64	4
153113	67	2
153113	70	4
153114	1	94
153114	2	6
153114	3	2
153114	7	2
153114	8	6
153114	9	4
153114	10	2
153114	11	2
153114	12	2
153114	13	4
153114	14	4
153114	15	4
153114	17	2
153114	19	2
153114	21	2
153114	23	4
153114	27	2
153114	31	6
153114	37	4
153114	38	2
153114	39	2
153114	42	4
153114	43	2
153114	44	2
153114	46	6
153114	48	2
153114	51	2
153114	52	2
153114	55	4
153114	56	2
153114	57	2
153115	1	134
153115	2	4
153115	3	2
153115	4	4
153115	5	2
153115	10	4
153115	13	2
153115	15	2
153115	17	2
153115	21	2
153115	27	4
153115	28	4
153115	29	2
153115	30	4
153115	32	2
153115	35	6
153115	37	2
153115	39	2
153115	40	2
153115	43	2
153115	46	2
153115	58	2
153116	1	292
153116	2	10
153116	3	4
153116	4	4
153116	7	6
153116	9	6
153116	10	6
153116	11	2
153116	13	2
153116	15	2
153116	19	2
153116	20	2
153116	23	4
153116	30	2
153116	31	2
153117	1	296
153117	2	2
153117	7	2
153117	14	2
153117	20	2
155003	1	80
155003	4	2
155003	5	2
155003	6	2
155003	7	2
155003	8	4
155003	11	2
155003	14	2
155003	17	2
155003	26	2
155003	40	8
155003	42	2
155003	43	2
155003	55	2
155003	62	2
155003	70	10
155003	87	2
155003	89	2
155003	105	2
155003	110	2
155003	112	4
155003	120	16
155003	126	2
155003	131	8
155003	133	6
155003	135	2
155003	136	4
155005	1	306
155005	2	6
155005	3	2
155005	4	2
155005	8	2
155005	10	4
155005	13	2
155005	18	2
155005	21	4
155005	23	2
155005	27	2
155005	37	2
155005	40	10
155005	41	2
155005	47	2
155005	52	2
155005	53	2
155005	54	2
155005	69	2
155005	70	8
155005	94	2
155005	100	4
155005	117	4
155005	118	2
155005	119	2
155005	120	16
155005	124	2
155005	134	6
155005	135	2
155005	136	2
240001	1	68
240001	3	4
240001	10	4
240001	11	2
240001	13	2
240001	15	2
240001	16	2
240001	17	2
240001	18	2
240001	22	2
240001	23	2
240001	25	2
240001	30	2
240001	39	2
240001	40	20
240001	44	2
240001	50	2
240001	53	2
240001	58	2
240001	59	2
240001	65	2
240001	68	2
240001	70	24
240001	74	2
240001	75	2
240001	79	2
240001	81	2
240001	82	4
240001	84	2
240001	85	6
240001	86	6
240001	87	2
240001	88	2
240001	90	2
240001	91	4
240001	92	6
240001	93	2
240001	95	2
240001	96	2
240001	97	4
240001	100	10
240001	103	4
240001	106	4
240001	107	6
240001	114	6
240001	115	2
240001	116	6
240001	117	4
240001	118	4
240001	119	4
240001	120	42
240001	129	2
240001	131	6
240001	132	4
240001	133	10
240001	134	10
240001	135	30
240001	136	42
240001	137	26
240002	1	14
240002	2	6
240002	3	2
240002	5	2
240002	12	2
240002	14	2
240002	15	2
240002	16	2
240002	18	2
240002	19	2
240002	20	2
240002	22	2
240002	25	2
240002	26	2
240002	30	2
240002	33	4
240002	34	2
240002	36	2
240002	39	2
240002	40	8
240002	50	2
240002	52	2
240002	57	2
240002	58	2
240002	59	2
240002	64	2
240002	66	2
240002	67	2
240002	68	2
240002	70	22
240002	81	2
240002	92	4
240002	93	4
240002	97	4
240002	100	22
240002	109	2
240002	113	2
240002	115	2
240002	118	2
240002	119	4
240002	120	20
240002	130	4
240002	131	4
240002	132	2
240002	133	8
240002	134	6
240002	135	2
240002	136	4
240002	137	12
240002	138	4
240002	139	2
241001	1	64
241001	2	2
241001	3	4
241001	6	4
241001	7	2
241001	8	2
241001	9	2
241001	10	2
241001	11	2
241001	13	2
241001	14	2
241001	15	8
241001	19	2
241001	20	2
241001	22	2
241001	24	2
241001	26	4
241001	29	2
241001	31	2
241001	33	2
241001	40	28
241001	45	2
241001	48	2
241001	50	2
241001	51	2
241001	65	2
241001	66	6
241001	67	2
241001	70	48
241001	75	6
241001	76	4
241001	78	2
241001	79	2
241001	81	2
241001	82	2
241001	83	2
241001	84	2
241001	85	2
241001	86	2
241001	88	8
241001	90	4
241001	91	2
241001	92	2
241001	94	4
241001	95	2
241001	96	2
241001	97	6
241001	99	4
241001	100	12
241001	102	2
241001	103	4
241001	104	4
241001	106	2
241001	107	4
241001	108	4
241001	109	2
241001	111	6
241001	112	2
241001	113	4
241001	118	2
241001	119	2
241001	120	66
241001	124	4
241001	126	2
241001	128	2
241001	131	4
241001	132	10
241001	133	18
241001	134	18
241001	135	32
241001	136	54
241001	137	22
241001	138	2
247001	1	90
247001	2	4
247001	3	4
247001	4	2
247001	6	4
247001	7	2
247001	9	4
247001	11	2
247001	12	4
247001	13	2
247001	15	2
247001	28	2
247001	29	4
247001	30	4
247001	32	2
247001	34	2
247001	35	2
247001	40	16
247001	45	2
247001	49	2
247001	51	2
247001	54	2
247001	56	6
247001	58	2
247001	59	2
247001	61	6
247001	67	4
247001	70	16
247001	78	4
247001	80	2
247001	83	2
247001	84	2
247001	85	2
247001	87	2
247001	91	4
247001	97	2
247001	100	20
247001	108	2
247001	110	2
247001	115	2
247001	117	6
247001	120	36
247001	127	2
247001	130	2
247001	132	4
247001	133	6
247001	134	8
247001	135	4
247001	136	18
247001	137	40
247001	138	8
247005	1	46
247005	2	4
247005	3	4
247005	4	4
247005	6	2
247005	8	2
247005	9	2
247005	11	2
247005	13	2
247005	20	4
247005	21	2
247005	29	4
247005	31	2
247005	40	20
247005	41	2
247005	54	2
247005	63	2
247005	70	24
247005	75	6
247005	76	2
247005	77	2
247005	81	2
247005	82	4
247005	86	2
247005	89	4
247005	92	4
247005	94	2
247005	96	2
247005	97	2
247005	99	4
247005	100	8
247005	104	2
247005	109	2
247005	110	2
247005	111	2
247005	112	2
247005	113	2
247005	115	2
247005	116	2
247005	118	2
247005	120	44
247005	124	2
247005	125	2
247005	126	2
247005	128	2
247005	130	4
247005	131	8
247005	132	8
247005	133	8
247005	134	14
247005	135	28
247005	136	64
247005	137	18
247009	1	58
247009	2	2
247009	3	2
247009	4	2
247009	5	2
247009	8	2
247009	10	2
247009	14	2
247009	16	2
247009	17	2
247009	18	2
247009	19	4
247009	22	2
247009	24	2
247009	29	2
247009	34	6
247009	35	2
247009	36	2
247009	39	2
247009	40	14
247009	50	4
247009	52	2
247009	53	2
247009	54	2
247009	59	4
247009	62	2
247009	64	6
247009	68	2
247009	70	22
247009	72	2
247009	73	2
247009	74	2
247009	77	4
247009	78	2
247009	80	6
247009	83	2
247009	84	2
247009	88	4
247009	90	4
247009	91	2
247009	94	4
247009	98	2
247009	99	2
247009	100	24
247009	104	2
247009	108	2
247009	109	2
247009	110	4
247009	111	4
247009	112	4
247009	113	4
247009	115	2
247009	116	2
247009	119	2
247009	120	64
247009	126	2
247009	128	4
247009	129	2
247009	130	4
247009	131	8
247009	132	6
247009	133	12
247009	134	14
247009	135	22
247009	136	36
247009	137	40
247009	138	4
247023	1	64
247023	2	2
247023	4	8
247023	14	2
247023	16	2
247023	20	2
247023	24	2
247023	25	4
247023	30	2
247023	31	2
247023	34	2
247023	38	4
247023	39	2
247023	40	26
247023	52	2
247023	54	2
247023	56	2
247023	57	2
247023	60	2
247023	63	2
247023	65	2
247023	69	6
247023	70	14
247023	71	2
247023	77	4
247023	81	2
247023	84	2
247023	85	2
247023	87	2
247023	89	4
247023	90	2
247023	97	4
247023	99	2
247023	100	28
247023	101	2
247023	103	4
247023	105	2
247023	107	4
247023	108	4
247023	110	2
247023	112	2
247023	113	4
247023	114	2
247023	115	2
247023	117	2
247023	118	4
247023	119	4
247023	120	64
247023	123	2
247023	128	2
247023	129	4
247023	130	6
247023	132	8
247023	133	16
247023	134	22
247023	135	36
247023	136	36
247023	137	2
250001	1	90
250001	2	2
250001	3	6
250001	6	6
250001	7	4
250001	8	6
250001	9	6
250001	10	2
250001	11	4
250001	13	2
250001	15	2
250001	16	2
250001	17	2
250001	18	2
250001	19	6
250001	20	2
250001	21	2
250001	22	2
250001	23	4
250001	25	2
250001	26	2
250001	27	2
250001	29	2
250001	30	4
250001	32	4
250001	35	2
250001	36	4
250001	39	2
250001	40	30
250001	42	2
250001	43	2
250001	45	2
250001	48	2
250001	50	2
250001	52	2
250001	53	2
250001	54	4
250001	56	2
250001	57	4
250001	64	2
250001	66	2
250001	67	2
250001	69	8
250001	70	20
250001	71	2
250001	75	4
250001	78	2
250001	79	4
250001	80	2
250001	81	2
250001	82	4
250001	84	2
250001	86	2
250001	87	2
250001	88	4
250001	91	4
250001	92	2
250001	94	2
250001	95	2
250001	99	2
250001	100	40
250001	105	2
250001	106	2
250001	108	4
250001	110	2
250001	111	4
250001	112	4
250001	114	2
250001	115	2
250001	116	4
250001	117	4
250001	118	2
250001	119	2
250001	120	60
250001	126	2
250001	128	2
250001	130	6
250001	131	6
250001	132	10
250001	133	2
250001	134	18
250001	135	26
250001	136	42
250001	137	48
250001	138	4
250001	139	2
431001	1	158
431001	2	6
431001	3	4
431001	5	2
431001	6	4
431001	7	2
431001	8	6
431001	9	10
431001	11	6
431001	12	4
431001	13	4
431001	14	2
431001	15	4
431001	16	2
431001	18	2
431001	22	2
431001	23	4
431001	26	2
431001	30	2
431001	33	2
431001	36	4
431001	37	2
431001	40	10
431001	43	4
431001	44	4
431001	45	2
431001	47	2
431001	48	6
431001	49	4
431001	50	2
431001	52	4
431001	53	2
431001	54	4
431001	56	2
431001	58	4
431001	60	4
431001	61	2
431001	64	6
431001	66	4
431001	67	2
431001	68	2
431001	69	2
431001	70	16
431001	71	2
431001	74	2
431001	75	2
431001	76	2
431001	78	2
431001	79	4
431001	80	6
431001	82	2
431001	83	6
431001	84	8
431001	85	6
431001	86	8
431001	87	4
431001	88	6
431001	90	2
431001	91	2
431001	94	2
431004	1	92
431004	2	8
431004	4	8
431004	5	4
431004	6	2
431004	7	2
431004	8	6
431004	9	12
431004	10	2
431004	11	2
431004	12	4
431004	13	2
431004	14	2
431004	16	2
431004	20	2
431004	21	2
431004	28	2
431004	30	4
431004	31	2
431004	32	4
431004	34	4
431004	35	6
431004	37	2
431004	38	2
431004	40	20
431004	42	2
431004	44	2
431004	48	2
431004	49	2
431004	53	4
431004	57	2
431004	61	2
431004	64	2
431004	65	2
431004	67	4
431004	68	2
431004	69	4
431004	70	24
431004	76	2
431004	77	2
431004	78	2
431004	79	2
431004	80	2
431004	81	2
431004	82	6
431004	83	2
431004	84	2
431004	85	10
431008	1	118
431008	2	12
431008	3	8
431008	4	4
431008	6	2
431008	7	2
431008	8	2
431008	11	4
431008	12	2
431008	13	8
431008	16	4
431008	17	2
431008	18	2
431008	19	2
431008	21	2
431008	23	4
431008	24	2
431008	26	2
431008	28	2
431008	29	4
431008	33	2
431008	34	4
431008	35	2
431008	37	4
431008	40	6
431008	41	2
431008	44	6
431008	48	4
431008	49	4
431008	53	2
431008	54	2
431008	56	4
431008	57	2
431008	61	2
431008	62	2
431008	65	4
431008	66	2
431008	67	2
431008	68	2
431008	70	20
431008	77	4
431008	80	2
431008	85	2
431011	1	124
431011	2	10
431011	3	6
431011	4	2
431011	5	4
431011	6	2
431011	10	6
431011	11	12
431011	12	2
431011	13	2
431011	15	2
431011	17	2
431011	18	2
431011	19	2
431011	20	2
431011	21	4
431011	22	2
431011	23	2
431011	24	2
431011	26	4
431011	27	4
431011	28	2
431011	31	6
431011	33	6
431011	34	4
431011	37	2
431011	39	2
431011	40	8
431011	42	4
431011	44	4
431011	45	2
431011	47	2
431011	48	4
431011	51	6
431011	52	6
431011	53	2
431011	56	2
431011	58	2
431011	59	2
431011	61	4
431011	63	2
431011	64	6
431011	66	2
431011	67	4
431011	68	6
431011	69	4
431011	70	4
431014	1	128
431014	2	6
431014	3	8
431014	6	2
431014	8	4
431014	9	2
431014	10	2
431014	13	2
431014	14	2
431014	18	2
431014	22	2
431014	25	4
431014	27	2
431014	28	2
431014	29	2
431014	30	2
431014	31	2
431014	37	2
431014	39	2
431014	40	4
431014	45	2
431014	46	6
431014	47	4
431014	48	4
431014	50	2
431014	53	2
431014	54	2
431014	57	2
431014	58	4
431014	60	2
431017	1	92
431017	8	4
431017	11	2
431017	12	4
431017	13	2
431017	14	4
431017	18	2
431017	25	4
431017	38	2
431017	50	2
431018	1	244
431018	2	2
431018	3	4
431018	5	2
431018	6	2
431018	9	2
431018	12	4
431018	13	4
431018	18	4
431018	20	4
431018	22	2
431018	23	2
431018	30	2
431018	40	2
431019	1	614
431019	4	2
431019	5	2
431019	6	2
431019	7	6
431019	8	4
431019	10	2
431019	12	2
431019	16	4
431019	17	2
431019	19	2
431019	37	2
431019	46	2
431020	1	580
431020	10	2
431021	1	8
439002	1	50
439002	2	12
439002	3	6
439002	4	2
439002	7	4
439002	8	6
439002	9	4
439002	14	2
439002	17	2
439002	19	4
439002	21	2
439002	24	2
439002	25	2
439002	27	2
439002	31	2
439002	32	2
439002	36	2
439002	40	4
439002	50	2
439002	53	2
439002	57	4
439002	61	2
439002	63	4
439002	66	2
439002	67	2
439002	70	20
439002	77	2
439002	78	2
439002	80	2
439002	81	2
439002	82	2
439002	88	2
439002	89	2
439004	1	140
439004	2	10
439004	3	4
439004	4	2
439004	5	4
439004	7	8
439004	9	4
439004	11	4
439004	13	6
439004	14	2
439004	15	6
439004	16	2
439004	19	2
439004	20	10
439004	21	4
439004	23	2
439004	25	2
439004	26	4
439004	27	4
439004	28	2
439004	29	2
439004	30	6
439004	31	2
439004	32	2
439004	33	4
439004	34	4
439004	36	2
439004	37	4
439004	38	4
439004	40	2
439004	41	4
439004	45	2
439004	46	2
439004	47	2
439004	48	2
439004	49	4
439004	50	4
439004	51	2
439004	52	6
439004	54	4
439004	55	2
439004	56	2
439004	58	8
439004	61	4
439004	66	2
439004	69	2
439004	70	2
439008	1	284
439008	2	16
439008	3	8
439008	5	4
439008	6	4
439008	7	4
439008	8	10
439008	9	4
439008	10	2
439008	11	2
439008	12	2
439008	13	2
439008	14	2
439008	17	4
439008	18	4
439008	19	2
439008	21	2
439008	23	2
439008	26	4
439008	27	2
439008	28	2
439008	32	2
439008	33	2
439008	39	2
439008	47	2
439010	1	250
439010	2	12
439010	3	8
439010	5	4
439010	6	4
439010	7	2
439010	8	6
439010	10	2
439010	14	4
439010	15	2
439010	17	2
439010	18	4
439010	19	2
439010	22	2
439010	23	2
439010	25	2
439010	38	2
439011	1	386
439011	2	12
439011	4	2
439011	8	4
439011	9	2
439011	13	2
439011	14	2
439011	16	6
439011	17	2
439011	20	4
439011	21	2
439012	1	480
439012	3	4
439012	7	4
439013	1	716
439013	3	2
