gateway_id	mount_level	player_count
146086	1	297
146086	2	9
146086	3	5
146086	4	1
146086	6	4
146086	7	5
146086	8	4
146086	9	2
146086	10	4
146086	11	6
146086	12	2
146086	13	8
146086	14	5
146086	15	4
146086	16	2
146086	17	5
146086	18	3
146086	19	1
146086	20	5
146086	21	10
146086	22	2
146086	23	2
146086	24	4
146086	25	4
146086	26	6
146086	27	2
146086	28	3
146086	29	3
146086	30	2
146086	31	4
146086	32	3
146086	33	2
146086	34	4
146086	35	3
146086	36	6
146086	37	1
146086	38	1
146086	39	3
146086	40	9
146086	41	3
146086	42	2
146086	43	2
146086	44	2
146086	45	2
146086	46	2
146086	47	3
146086	48	1
146086	49	2
146086	50	4
146086	51	1
146086	52	4
146086	53	4
146086	54	2
146086	55	1
146086	57	2
146086	60	1
146090	1	476
146090	2	22
146090	3	2
146090	5	4
146090	6	4
146090	7	6
146090	8	8
146090	10	6
146090	11	2
146090	12	8
146090	13	3
146090	15	5
146090	16	4
146090	17	8
146090	18	3
146090	19	2
146090	20	4
146090	21	4
146090	22	3
146090	23	3
146090	24	1
146090	25	2
146090	26	5
146090	28	5
146090	29	1
146090	30	4
146090	31	3
146090	32	3
146090	33	2
146090	34	2
146090	35	1
146090	36	3
146090	37	4
146090	38	3
146090	39	4
146090	40	7
146090	41	1
146090	42	3
146090	43	2
146090	44	1
146090	45	3
146090	46	3
146090	47	1
146090	48	3
146090	49	1
146090	50	3
146090	51	2
146090	52	2
146090	53	1
146090	54	1
146090	56	1
146090	62	1
146098	1	295
146098	2	7
146098	3	5
146098	4	2
146098	5	1
146098	6	2
146098	7	3
146098	8	3
146098	9	3
146098	10	3
146098	11	2
146098	12	2
146098	13	3
146098	14	3
146098	15	1
146098	16	1
146098	17	3
146098	18	1
146098	19	3
146098	20	1
146098	21	2
146098	22	2
146098	24	3
146098	25	4
146098	26	2
146098	27	3
146098	28	2
146098	30	1
146098	31	1
146098	32	2
146098	33	1
146098	34	8
146098	36	1
146098	37	1
146098	38	3
146098	39	3
146098	40	4
146098	41	2
146098	42	3
146098	43	5
146098	44	1
146098	45	5
146098	46	4
146098	47	1
146098	48	2
146098	50	1
146098	51	1
146098	52	2
146098	54	2
146098	55	2
146102	1	178
146102	2	7
146102	3	2
146102	4	3
146102	5	1
146102	6	1
146102	7	6
146102	8	1
146102	9	4
146102	10	1
146102	11	5
146102	12	1
146102	13	4
146102	14	1
146102	16	1
146102	18	1
146102	20	1
146102	21	1
146102	22	2
146102	23	1
146102	24	1
146102	27	2
146102	28	1
146102	29	1
146102	30	1
146102	31	1
146102	32	2
146102	33	1
146102	34	2
146102	35	2
146102	36	3
146102	37	1
146102	40	3
146102	42	3
146102	44	4
146102	45	3
146102	46	1
146102	47	1
146102	48	5
146102	49	1
146102	50	2
146102	51	2
146102	52	3
146102	53	3
146102	54	1
146102	56	4
146102	65	1
146102	91	1
146107	1	190
146107	2	2
146107	3	2
146107	4	2
146107	6	5
146107	7	5
146107	8	4
146107	9	1
146107	10	2
146107	11	1
146107	12	1
146107	13	1
146107	14	4
146107	16	2
146107	17	2
146107	19	1
146107	20	2
146107	21	5
146107	22	2
146107	23	4
146107	25	3
146107	26	1
146107	27	1
146107	29	1
146107	30	2
146107	31	2
146107	32	2
146107	35	1
146107	36	1
146107	37	2
146107	40	5
146107	41	2
146107	42	2
146107	43	1
146107	44	3
146107	48	3
146107	50	2
146107	55	1
146107	58	1
146111	1	97
146111	2	7
146111	3	1
146111	4	1
146111	6	1
146111	7	2
146111	8	6
146111	9	1
146111	10	2
146111	11	2
146111	14	1
146111	15	3
146111	17	1
146111	18	2
146111	20	3
146111	21	2
146111	23	1
146111	24	1
146111	25	2
146111	28	1
146111	30	2
146111	31	1
146111	32	3
146111	33	2
146111	34	2
146111	35	2
146111	36	1
146111	37	1
146111	38	1
146111	39	1
146111	40	2
146111	41	1
146111	42	1
146111	44	2
146111	45	3
146111	46	3
146111	48	1
146111	50	1
146111	51	1
146111	52	1
146111	53	1
146111	54	2
146111	55	2
146111	60	2
153087	1	92
153087	2	3
153087	4	3
153087	5	1
153087	8	2
153087	9	1
153087	10	3
153087	11	3
153087	12	1
153087	13	1
153087	14	1
153087	16	2
153087	17	1
153087	18	2
153087	19	1
153087	20	1
153087	21	2
153087	23	1
153087	25	4
153087	26	2
153087	28	1
153087	32	2
153087	35	3
153087	36	1
153087	39	4
153087	40	4
153087	41	3
153087	42	3
153087	43	2
153087	44	1
153087	45	2
153087	47	2
153087	48	1
153087	49	1
153087	50	1
153087	52	1
153087	53	1
153087	59	1
153091	1	311
153091	2	9
153091	4	1
153091	6	1
153091	7	2
153091	8	4
153091	9	3
153091	10	2
153091	14	2
153091	15	2
153091	16	1
153091	17	3
153091	19	1
153091	20	3
153091	23	2
153091	24	1
153091	25	2
153091	26	1
153091	27	1
153091	31	2
153091	32	1
153091	33	2
153091	34	3
153091	35	1
153091	36	1
153091	37	1
153091	40	3
153091	41	2
153091	42	3
153091	43	2
153091	44	3
153091	45	1
153091	49	2
153091	51	2
153091	52	1
153091	53	2
153099	1	124
153099	2	1
153099	5	2
153099	6	1
153099	7	1
153099	8	2
153099	9	3
153099	10	1
153099	11	1
153099	13	1
153099	14	1
153099	15	1
153099	16	2
153099	17	1
153099	18	1
153099	24	2
153099	25	1
153099	27	2
153099	28	1
153099	30	2
153099	32	1
153099	38	1
153099	39	1
153099	40	5
153099	43	1
153099	46	1
153099	47	1
153099	48	2
153099	49	5
153099	50	1
153099	52	1
153099	53	1
153099	54	1
153099	63	1
153103	1	64
153103	2	1
153103	3	1
153103	5	1
153103	6	1
153103	7	2
153103	8	4
153103	9	1
153103	10	1
153103	11	1
153103	12	2
153103	13	3
153103	14	1
153103	15	2
153103	16	1
153103	17	1
153103	18	1
153103	19	1
153103	20	3
153103	21	2
153103	23	1
153103	24	2
153103	25	1
153103	26	3
153103	27	2
153103	28	2
153103	29	1
153103	30	2
153103	31	2
153103	36	1
153103	37	1
153103	38	1
153103	40	7
153103	42	3
153103	44	1
153103	45	2
153103	46	2
153103	47	6
153103	48	4
153103	49	1
153103	50	1
153103	52	1
153103	53	1
153103	55	2
153103	57	1
153108	1	51
153108	2	2
153108	3	1
153108	6	4
153108	7	3
153108	10	1
153108	14	1
153108	16	1
153108	21	1
153108	22	1
153108	24	4
153108	25	1
153108	27	1
153108	28	2
153108	33	1
153108	34	1
153108	45	1
153108	46	1
153108	47	1
153108	49	2
153108	62	1
153112	1	33
153112	2	2
153112	4	1
153112	6	1
153112	7	2
153112	13	1
153112	14	1
153112	16	1
153112	19	1
153112	20	2
153112	25	1
153112	27	1
153112	30	1
153112	31	1
153112	38	3
153112	42	2
153112	44	1
153112	47	1
153112	51	1
