gateway_id	immortal_level	immortal_star	player_count
1	1	0	120
1	1	1	22
1	1	2	1
1	1	3	5
1	1	4	2
1	1	5	4
1	2	0	2
1	2	1	2
1	2	2	4
1	2	3	4
1	2	4	4
1	2	5	4
1	3	1	2
1	3	2	3
1	3	3	1
1	3	4	4
1	4	0	1
1	4	2	1
1	4	3	4
1	4	4	3
1	5	0	2
1	5	1	2
1	5	2	5
1	5	3	5
1	5	4	1
1	5	5	1
1	6	0	2
1	6	1	1
1	6	2	2
1	6	3	1
1	6	4	4
1	7	1	1
10	1	0	31
10	1	1	4
10	1	2	2
10	1	3	2
10	2	2	2
10	2	3	2
10	3	3	1
10	3	4	1
10	3	5	1
10	4	0	1
10	4	1	1
10	4	3	2
10	4	4	2
10	5	0	2
10	5	1	4
10	5	2	3
10	6	0	1
10	6	1	1
10	6	3	2
10	6	4	1
10	7	0	1
10	7	4	1
51	1	0	31
51	1	1	5
51	1	2	1
51	1	3	2
51	1	4	2
51	2	0	1
51	2	4	2
51	3	1	1
51	3	3	3
51	3	5	1
51	4	1	1
51	4	3	3
51	5	1	2
51	5	3	2
51	5	4	1
51	5	5	1
51	6	1	2
51	6	2	2
51	6	3	1
51	7	2	1
51	7	3	1
55	1	0	35
55	1	1	4
55	1	2	2
55	1	3	1
55	1	4	2
55	1	5	1
55	2	0	1
55	2	2	1
55	2	3	2
55	3	0	1
55	3	1	1
55	4	2	1
55	4	3	2
55	4	4	2
55	5	0	2
55	5	2	2
55	5	3	1
55	5	4	1
55	6	0	2
55	6	1	2
55	6	2	3
55	7	1	1
65	1	0	30
65	1	1	4
65	1	2	3
65	1	3	5
65	1	4	1
65	1	5	3
65	2	2	1
65	2	4	2
65	3	0	1
65	3	3	1
65	3	4	1
65	4	1	1
65	4	2	1
65	4	4	2
65	4	5	1
65	5	0	3
65	5	1	1
65	5	2	3
65	5	3	3
65	5	4	1
65	6	0	2
65	6	1	2
65	6	2	2
65	6	3	1
67	1	0	10
67	1	3	1
67	2	5	1
67	3	0	1
67	3	1	1
67	3	3	1
67	5	2	1
67	5	3	3
67	5	5	1
67	6	0	1
67	6	1	1
70	1	0	8
70	1	1	1
70	1	4	1
70	2	2	1
70	2	3	1
70	3	0	1
70	3	1	1
70	3	2	2
70	4	4	1
70	4	5	1
70	5	3	2
70	5	4	2
70	6	3	1
71	1	0	4
71	1	3	1
71	2	3	1
71	5	0	1
71	5	2	1
71	6	5	1
72	1	0	8
72	1	5	1
72	5	3	1
72	6	0	1
72	6	3	1
73	1	0	6
73	5	1	1
75	1	0	44
75	1	1	3
75	1	2	1
75	1	3	1
75	1	5	1
75	2	3	1
75	2	4	1
75	3	1	1
75	3	4	2
75	4	0	1
75	4	1	1
75	4	2	1
75	4	4	1
75	4	5	1
75	5	1	1
77	1	0	14
77	1	1	3
77	1	2	3
77	1	3	3
77	1	4	2
77	1	5	2
77	2	0	1
77	2	2	2
77	2	3	1
77	2	5	1
77	3	3	1
78	1	0	50
78	1	1	4
78	1	2	2
78	1	4	5
78	2	0	1
78	2	1	1
78	2	2	2
78	2	3	1
78	2	5	2
80	1	0	87
80	1	1	3
80	1	2	1
80	1	4	1
146001	1	0	205
146001	1	1	26
146001	1	2	7
146001	1	3	2
146001	1	4	4
146001	1	5	6
146001	2	0	4
146001	2	1	5
146001	2	2	3
146001	2	3	6
146001	2	4	2
146001	2	5	2
146001	3	2	4
146001	3	3	3
146001	3	4	3
146001	3	5	4
146001	4	1	1
146001	4	2	4
146001	4	3	2
146001	4	4	3
146001	4	5	2
146001	5	0	3
146001	5	1	1
146001	5	2	3
146001	5	3	6
146001	5	4	3
146001	5	5	1
146001	6	0	6
146001	6	1	3
146001	6	2	4
146001	6	3	2
146001	6	4	2
146001	6	5	1
146002	1	0	96
146002	1	1	12
146002	1	2	1
146002	1	3	1
146002	1	4	2
146002	1	5	1
146002	2	2	1
146002	2	3	2
146002	2	4	1
146002	3	0	2
146002	3	2	1
146002	3	3	1
146002	4	2	2
146002	4	3	3
146002	4	4	2
146002	4	5	3
146002	5	0	2
146002	5	1	4
146002	5	2	2
146002	5	3	1
146002	5	4	1
146002	6	0	1
146002	6	1	4
146002	6	2	1
146002	6	3	3
146002	6	4	1
146002	7	0	1
146005	1	0	155
146005	1	1	23
146005	1	2	7
146005	1	3	5
146005	1	4	7
146005	1	5	10
146005	2	0	3
146005	2	1	7
146005	2	2	1
146005	2	3	7
146005	2	4	2
146005	2	5	3
146005	3	0	1
146005	3	1	1
146005	3	2	7
146005	3	3	4
146005	3	4	3
146005	3	5	4
146005	4	1	1
146005	4	2	1
146005	4	3	3
146005	4	4	4
146005	4	5	3
146005	5	0	2
146005	5	1	10
146005	5	2	2
146005	5	3	6
146005	5	4	1
146005	5	5	1
146005	6	0	5
146005	6	1	3
146005	6	2	5
146005	6	3	1
146005	6	4	4
146005	7	0	1
146031	1	0	11
146031	1	2	1
146031	1	3	1
146031	2	4	1
146031	3	1	1
146031	3	2	2
146031	4	0	1
146031	4	4	1
146031	5	0	1
146031	5	1	1
146031	5	2	3
146031	5	4	1
146031	6	0	1
146031	6	1	2
146031	6	2	2
146031	6	3	1
146031	7	1	1
146031	8	2	1
146040	1	0	102
146040	1	1	19
146040	1	2	4
146040	1	3	1
146040	1	4	3
146040	1	5	1
146040	2	0	6
146040	2	1	1
146040	2	2	2
146040	2	3	3
146040	2	4	2
146040	3	1	4
146040	3	2	6
146040	3	3	1
146040	3	4	2
146040	4	0	2
146040	4	1	3
146040	4	2	2
146040	4	3	2
146040	4	4	4
146040	4	5	2
146040	5	0	3
146040	5	1	5
146040	5	2	9
146040	5	3	4
146040	5	4	3
146040	5	5	1
146040	6	0	2
146040	6	1	5
146040	6	2	3
146040	6	3	2
146040	6	4	1
146040	7	0	1
146040	7	1	1
146040	8	2	1
146051	1	0	62
146051	1	1	13
146051	1	2	4
146051	1	3	2
146051	1	4	1
146051	1	5	3
146051	2	0	1
146051	2	1	2
146051	2	2	2
146051	2	3	1
146051	2	4	3
146051	2	5	2
146051	3	0	1
146051	3	2	1
146051	3	3	2
146051	3	4	3
146051	3	5	2
146051	4	0	1
146051	4	2	3
146051	4	3	2
146051	4	4	1
146051	4	5	1
146051	5	0	4
146051	5	1	2
146051	5	2	1
146051	5	3	8
146051	5	4	3
146051	5	5	2
146051	6	1	3
146051	6	2	6
146051	6	3	2
146051	6	4	1
146051	7	1	1
146051	7	2	1
146062	1	0	69
146062	1	1	8
146062	1	2	3
146062	1	4	2
146062	1	5	5
146062	2	0	2
146062	2	1	1
146062	2	2	1
146062	2	3	1
146062	2	4	4
146062	2	5	1
146062	3	0	1
146062	3	1	1
146062	3	2	1
146062	3	3	2
146062	3	4	3
146062	3	5	1
146062	4	2	2
146062	4	3	2
146062	4	4	1
146062	5	0	3
146062	5	1	4
146062	5	2	6
146062	5	3	5
146062	5	5	1
146062	6	0	1
146062	6	1	3
146062	6	2	4
146062	6	3	3
146062	6	4	4
146062	7	0	2
146070	1	0	115
146070	1	1	7
146070	1	2	5
146070	1	3	2
146070	1	5	2
146070	2	2	1
146070	2	3	1
146070	2	4	1
146070	3	0	2
146070	3	1	1
146070	3	2	2
146070	3	4	1
146070	4	1	2
146070	4	2	3
146070	4	3	1
146070	4	4	2
146070	5	0	1
146070	5	1	3
146070	5	3	4
146070	5	5	2
146070	6	1	4
146070	6	2	4
146070	6	3	1
146070	6	4	2
146072	1	0	76
146072	1	1	6
146072	1	2	2
146072	1	3	2
146072	1	5	1
146072	2	4	2
146072	2	5	1
146072	3	2	2
146072	3	3	3
146072	3	4	1
146072	3	5	1
146072	4	2	2
146072	4	3	1
146072	4	4	1
146072	5	0	1
146072	5	1	3
146072	5	2	4
146072	5	3	2
146072	5	4	1
146072	5	5	1
146072	6	0	1
146072	6	1	2
146072	6	2	1
146072	6	3	2
146072	7	3	1
146075	1	0	62
146075	1	1	4
146075	1	2	3
146075	1	3	3
146075	1	4	1
146075	1	5	4
146075	2	0	2
146075	2	1	2
146075	2	2	2
146075	2	4	4
146075	3	1	1
146075	3	2	1
146075	3	3	3
146075	3	4	3
146075	4	2	4
146075	4	4	1
146075	5	0	2
146075	5	1	4
146075	5	2	6
146075	5	3	4
146075	5	4	3
146075	5	5	1
146075	6	0	1
146075	6	1	3
146075	6	2	3
146075	6	3	1
146075	7	2	2
146075	7	3	1
146077	1	0	39
146077	1	1	3
146077	1	2	1
146077	1	4	1
146077	2	1	1
146077	2	2	1
146077	2	4	1
146077	3	2	1
146077	3	3	2
146077	3	4	1
146077	3	5	1
146077	4	1	2
146077	4	3	1
146077	4	4	2
146077	4	5	2
146077	5	1	1
146077	5	2	1
146077	5	3	1
146077	5	4	1
146077	5	5	1
146077	6	0	2
146077	6	2	5
146077	6	3	4
146077	7	1	1
146077	7	2	1
146077	7	3	1
146082	1	0	166
146082	1	1	4
146082	1	2	2
146082	1	3	1
146082	1	4	1
146082	1	5	2
146082	2	0	4
146082	2	2	2
146082	2	3	1
146082	2	4	1
146082	2	5	5
146082	3	1	1
146082	3	3	6
146082	3	4	1
146082	4	2	1
146082	4	3	1
146082	4	4	1
146082	4	5	3
146082	5	0	1
146082	5	1	1
146082	5	2	1
146082	5	3	4
146082	5	4	3
146082	5	5	1
146082	6	0	2
146082	6	1	4
146082	6	2	1
146082	6	3	3
146082	6	4	5
146082	7	0	1
146082	7	1	1
146082	7	4	1
146086	1	0	41
146086	1	1	3
146086	1	3	2
146086	1	4	2
146086	1	5	4
146086	2	1	1
146086	2	2	1
146086	2	3	1
146086	3	0	1
146086	3	1	1
146086	3	3	4
146086	3	4	1
146086	4	0	2
146086	4	1	1
146086	4	2	1
146086	4	3	1
146086	4	4	2
146086	5	0	1
146086	5	1	2
146086	5	2	6
146086	5	3	1
146086	6	1	2
146086	6	3	2
146086	6	4	3
146088	1	0	78
146088	1	1	3
146088	1	2	2
146088	1	3	1
146088	1	4	1
146088	1	5	2
146088	2	1	2
146088	2	2	2
146088	2	3	1
146088	2	4	1
146088	3	2	2
146088	3	3	1
146088	4	1	2
146088	4	2	1
146088	4	3	1
146088	4	4	1
146088	4	5	1
146088	5	0	3
146088	5	1	2
146088	5	2	1
146088	5	3	3
146088	6	1	1
146088	6	2	2
146088	6	3	1
146089	1	0	129
146089	1	1	3
146089	1	2	2
146089	1	4	1
146089	1	5	1
146089	2	3	1
146089	2	4	1
146089	2	5	1
146089	3	3	5
146089	3	4	1
146089	3	5	1
146089	4	0	1
146089	4	1	1
146089	4	2	1
146089	4	3	1
146089	5	1	4
146089	5	3	6
146089	5	4	2
146089	5	5	1
146089	6	1	1
146089	6	2	3
146089	6	3	1
146089	7	1	2
146091	1	0	31
146091	1	1	4
146091	1	2	3
146091	1	4	1
146091	1	5	2
146091	2	0	1
146091	2	2	2
146091	2	3	3
146091	2	4	2
146091	2	5	2
146091	3	0	1
146091	3	1	1
146091	3	3	1
146091	3	4	1
146091	3	5	2
146091	5	0	1
146091	5	2	2
146091	5	3	1
146091	6	0	1
146091	6	1	3
146091	7	0	1
146092	1	0	149
146092	1	1	6
146092	1	2	4
146092	1	3	3
146092	2	0	1
146092	2	1	2
146092	2	3	4
146092	2	5	2
146092	3	0	2
146092	3	1	2
146092	3	2	1
146092	3	3	3
146092	3	4	2
146092	3	5	1
146092	4	0	2
146092	4	2	2
146092	4	3	3
146092	4	5	3
146092	5	1	1
146092	5	2	2
146092	5	3	1
146092	5	4	1
146092	6	0	3
146092	6	1	1
146092	6	2	1
146092	6	3	4
146092	7	1	1
146092	7	2	1
146094	1	0	111
146094	1	2	2
146094	1	3	3
146094	1	5	2
146094	2	0	3
146094	2	1	2
146094	2	2	1
146094	2	3	2
146094	2	4	1
146094	3	3	2
146094	3	4	1
146094	3	5	3
146094	4	0	1
146094	4	1	1
146094	4	3	1
146094	5	1	1
146094	6	0	1
146094	6	1	2
146094	6	2	1
146094	6	3	1
146094	7	1	1
146094	7	2	1
146096	1	0	92
146096	1	1	6
146096	1	2	1
146096	1	3	2
146096	1	4	4
146096	1	5	2
146096	2	0	1
146096	2	1	4
146096	2	2	1
146096	2	3	1
146096	2	4	1
146096	3	1	2
146096	3	2	1
146096	3	3	1
146096	3	5	3
146096	4	1	1
146096	4	2	1
146096	4	3	2
146096	4	4	2
146096	4	5	2
146096	5	2	1
146096	5	3	3
146096	5	4	2
146096	5	5	2
146096	6	0	4
146096	6	1	1
146096	7	1	1
146098	1	0	51
146098	1	1	3
146098	1	2	1
146098	1	3	2
146098	1	4	1
146098	2	1	1
146098	2	4	1
146098	3	0	2
146098	3	2	1
146098	3	3	1
146098	3	5	1
146098	4	5	1
146098	5	2	1
146098	5	3	6
146098	6	1	1
146098	7	1	1
146099	1	0	76
146099	1	1	3
146099	1	2	1
146099	1	4	1
146099	1	5	2
146099	2	0	1
146099	2	1	1
146099	2	2	1
146099	2	3	1
146099	2	4	3
146099	3	3	2
146099	3	4	2
146099	3	5	1
146099	4	2	1
146099	4	3	4
146099	4	4	1
146099	5	2	2
146099	5	3	1
146099	5	4	1
146099	6	0	4
146100	1	0	87
146100	1	1	4
146100	1	2	1
146100	1	3	2
146100	1	4	3
146100	1	5	1
146100	2	0	2
146100	2	2	1
146100	2	3	1
146100	2	4	2
146100	3	0	1
146100	3	2	1
146100	3	3	5
146100	3	4	1
146100	3	5	1
146100	4	0	4
146100	4	1	1
146100	4	2	1
146100	4	3	2
146100	5	0	1
146100	5	2	2
146100	5	3	3
146101	1	0	50
146101	1	1	4
146101	1	2	1
146101	1	3	2
146101	1	4	1
146101	2	0	1
146101	2	1	1
146101	2	2	1
146101	2	3	2
146101	3	2	3
146101	3	3	1
146101	4	0	1
146101	4	2	2
146101	4	3	1
146101	4	4	1
146101	4	5	1
146101	5	0	1
146101	5	1	1
146101	5	3	1
146101	6	3	1
146101	6	4	1
146102	1	0	66
146102	1	1	4
146102	1	3	4
146102	1	4	1
146102	1	5	4
146102	2	1	2
146102	2	2	1
146102	2	3	3
146102	2	4	1
146102	2	5	2
146102	3	1	2
146102	3	3	3
146102	3	4	1
146102	3	5	1
146102	4	1	1
146102	4	3	1
146102	4	4	3
146102	5	0	1
146102	5	3	2
146102	6	1	1
146103	1	0	64
146103	1	1	3
146103	1	2	1
146103	1	4	2
146103	2	0	1
146103	2	2	2
146103	2	3	1
146103	3	1	1
146103	3	2	2
146103	3	3	2
146103	3	4	2
146103	3	5	1
146103	4	0	1
146103	4	2	1
146103	4	4	3
146103	4	5	1
146103	5	0	2
146103	5	1	2
146103	5	3	2
146103	5	4	1
146104	1	0	26
146104	1	1	1
146104	1	2	1
146104	1	3	1
146104	2	0	1
146104	2	2	1
146104	2	3	1
146104	3	1	1
146104	3	4	1
146104	3	5	1
146104	4	3	1
146104	5	2	1
146104	6	1	1
146104	6	4	1
146111	1	0	125
146111	1	1	11
146111	1	2	3
146111	1	3	2
146111	1	4	2
146111	1	5	1
146111	2	0	1
146111	2	2	2
146111	2	3	4
146111	2	4	4
146111	3	1	2
146111	3	2	1
146111	3	3	2
146111	3	4	1
146112	1	0	111
146112	1	1	6
146112	1	2	6
146112	1	3	3
146112	1	4	2
146112	1	5	4
146112	2	0	2
146112	2	1	2
146112	2	2	2
146112	2	3	3
146112	2	4	2
146112	3	2	1
146112	3	3	1
146112	3	4	1
146113	1	0	98
146113	1	1	5
146113	1	2	4
146113	1	3	3
146113	1	4	2
146113	2	0	1
146113	2	1	1
146113	2	2	1
146113	2	3	2
146113	3	0	1
146113	3	4	1
146114	1	0	153
146114	1	1	9
146114	1	2	4
146114	1	3	1
146114	1	5	1
146114	2	0	1
146114	2	1	2
146114	2	4	2
146114	3	4	1
146115	1	0	293
146115	1	1	12
146115	1	2	4
146115	1	3	3
146115	1	4	1
146115	1	5	2
146115	2	0	1
146115	2	1	1
146116	1	0	682
146116	1	1	6
146116	1	2	3
146116	1	3	4
146116	1	4	4
146116	1	5	1
146117	1	0	135
146117	1	1	5
146117	1	2	1
153001	1	0	156
153001	1	1	64
153001	1	2	12
153001	1	3	6
153001	1	4	2
153001	1	5	7
153001	2	0	6
153001	2	1	7
153001	2	2	4
153001	2	3	3
153001	2	4	5
153001	2	5	4
153001	3	0	2
153001	3	1	2
153001	3	2	4
153001	3	3	5
153001	3	4	3
153001	3	5	2
153001	4	0	1
153001	4	1	2
153001	4	2	1
153001	4	3	5
153001	4	4	5
153001	4	5	1
153001	5	1	5
153001	5	2	5
153001	5	3	3
153001	5	4	3
153001	5	5	1
153001	6	1	5
153001	6	2	4
153001	6	3	1
153001	6	4	1
153001	7	0	1
153001	7	1	1
153001	7	2	1
153002	1	0	46
153002	1	1	20
153002	1	2	3
153002	1	3	2
153002	1	4	2
153002	1	5	1
153002	2	0	1
153002	2	1	2
153002	2	2	3
153002	2	3	3
153002	2	5	1
153002	3	0	1
153002	3	2	1
153002	3	3	2
153002	3	4	1
153002	3	5	1
153002	4	2	1
153002	4	3	1
153002	5	0	3
153002	5	1	1
153002	5	2	2
153002	5	3	1
153002	5	4	3
153002	5	5	3
153002	6	1	1
153002	6	2	3
153002	6	3	1
153002	6	4	1
153002	7	0	1
153002	7	1	1
153005	1	0	39
153005	1	1	16
153005	1	2	2
153005	1	4	1
153005	1	5	2
153005	2	0	1
153005	2	1	1
153005	2	3	2
153005	2	5	1
153005	3	1	1
153005	3	2	1
153005	3	4	2
153005	4	0	1
153005	4	2	1
153005	4	5	1
153005	5	1	3
153005	5	2	5
153005	5	3	2
153005	5	4	1
153005	6	0	1
153005	6	2	1
153005	6	3	2
153005	6	4	3
153005	7	1	1
153007	1	0	70
153007	1	1	34
153007	1	2	4
153007	1	3	4
153007	1	4	5
153007	1	5	3
153007	2	0	3
153007	2	1	6
153007	2	2	4
153007	2	3	5
153007	2	4	2
153007	2	5	1
153007	3	0	2
153007	3	2	2
153007	3	3	3
153007	3	5	1
153007	4	0	5
153007	4	1	2
153007	4	3	2
153007	4	4	3
153007	4	5	1
153007	5	0	2
153007	5	1	2
153007	5	3	6
153007	5	4	1
153007	6	0	2
153007	6	1	1
153007	6	2	4
153007	6	3	2
153007	6	4	1
153009	1	0	54
153009	1	1	24
153009	1	2	11
153009	1	3	7
153009	1	4	9
153009	1	5	4
153009	2	1	5
153009	2	2	1
153009	2	3	1
153009	2	4	3
153009	2	5	2
153009	3	0	1
153009	3	2	3
153009	3	3	2
153009	3	4	5
153009	3	5	2
153009	4	0	3
153009	4	1	3
153009	4	3	3
153009	4	4	6
153009	4	5	2
153009	5	0	5
153009	5	1	1
153009	5	2	3
153009	5	3	3
153009	5	4	3
153009	5	5	1
153009	6	1	2
153009	6	2	1
153009	6	3	1
153009	6	4	1
153009	7	1	2
153009	8	0	2
153011	1	0	27
153011	1	1	7
153011	1	2	3
153011	1	3	3
153011	1	4	5
153011	1	5	4
153011	2	0	1
153011	2	1	3
153011	2	2	1
153011	2	3	1
153011	2	4	2
153011	2	5	1
153011	3	0	2
153011	3	1	2
153011	3	2	2
153011	3	3	2
153011	4	2	2
153011	4	4	1
153011	5	0	1
153011	5	1	2
153011	5	2	1
153011	5	3	1
153011	5	4	5
153011	6	0	2
153011	6	1	2
153011	6	2	5
153011	6	3	2
153015	1	0	120
153015	1	1	37
153015	1	2	9
153015	1	3	1
153015	1	5	3
153015	2	0	1
153015	2	1	4
153015	2	2	2
153015	2	3	1
153015	2	4	9
153015	2	5	4
153015	3	0	2
153015	3	1	1
153015	3	2	6
153015	3	3	3
153015	3	4	4
153015	3	5	2
153015	4	1	1
153015	4	2	3
153015	4	3	1
153015	4	4	1
153015	5	0	2
153015	5	1	2
153015	5	2	8
153015	5	3	2
153015	5	4	3
153015	6	0	5
153015	6	1	7
153015	6	2	4
153015	6	3	3
153015	6	4	3
153015	7	0	1
153015	7	1	1
153015	7	3	1
153019	1	0	21
153019	1	1	15
153019	1	2	3
153019	1	5	1
153019	2	0	1
153019	2	1	1
153019	2	2	2
153019	2	3	2
153019	2	4	2
153019	2	5	2
153019	3	1	2
153019	3	2	2
153019	3	3	2
153019	3	4	3
153019	3	5	3
153019	4	2	1
153019	4	3	1
153019	5	0	1
153019	5	1	1
153019	5	2	4
153019	5	3	3
153019	5	4	1
153019	6	1	2
153019	6	2	1
153019	6	3	1
153019	6	4	1
153019	7	1	2
153020	1	0	32
153020	1	1	12
153020	1	2	5
153020	1	3	2
153020	1	4	3
153020	2	0	3
153020	2	1	1
153020	2	2	1
153020	2	3	1
153020	2	4	1
153020	2	5	1
153020	3	0	1
153020	3	1	2
153020	3	2	1
153020	3	3	2
153020	3	4	5
153020	3	5	1
153020	4	1	3
153020	4	2	1
153020	4	3	3
153020	5	0	3
153020	5	1	1
153020	5	2	4
153020	5	4	4
153020	6	0	3
153020	6	1	2
153020	6	2	1
153020	6	3	3
153020	6	4	1
153020	7	3	1
153020	7	4	1
153023	1	0	103
153023	1	1	41
153023	1	2	4
153023	1	3	3
153023	1	4	3
153023	1	5	5
153023	2	0	4
153023	2	1	5
153023	2	2	2
153023	2	3	4
153023	2	4	2
153023	3	0	2
153023	3	1	1
153023	3	2	1
153023	3	3	2
153023	4	0	1
153023	4	2	3
153023	4	3	1
153023	4	4	1
153023	5	0	1
153023	5	1	4
153023	5	2	3
153023	5	3	5
153023	5	4	1
153023	5	5	1
153023	6	1	4
153023	6	2	4
153023	6	3	1
153023	7	1	1
153023	7	3	2
153023	8	0	1
153028	1	0	62
153028	1	1	19
153028	1	2	4
153028	1	3	3
153028	1	4	3
153028	2	0	1
153028	2	1	1
153028	2	2	1
153028	2	3	3
153028	2	4	4
153028	2	5	2
153028	3	0	1
153028	3	1	1
153028	3	3	2
153028	3	4	1
153028	3	5	1
153028	4	0	1
153028	4	1	3
153028	4	3	3
153028	4	4	3
153028	4	5	1
153028	5	1	2
153028	5	2	1
153028	5	3	2
153028	5	4	2
153028	6	0	3
153028	6	1	4
153028	6	2	3
153028	6	3	4
153028	7	0	3
153028	7	1	1
153028	7	2	1
153028	7	3	1
153028	8	0	1
153033	1	0	55
153033	1	1	16
153033	1	2	10
153033	1	3	5
153033	1	4	7
153033	2	0	9
153033	2	1	1
153033	2	2	3
153033	2	3	1
153033	2	4	2
153033	2	5	1
153033	3	1	4
153033	3	2	4
153033	3	3	3
153033	3	4	3
153033	3	5	2
153033	4	0	2
153033	4	1	1
153033	4	2	1
153033	4	3	4
153033	4	4	2
153033	5	0	3
153033	5	1	2
153033	5	2	2
153033	5	3	4
153033	5	4	3
153033	6	0	5
153033	6	1	1
153033	6	2	3
153033	6	3	4
153033	6	4	1
153033	7	0	2
153033	7	2	1
153040	1	0	20
153040	1	1	3
153040	1	3	2
153040	1	4	1
153040	1	5	1
153040	2	0	2
153040	2	1	1
153040	2	5	1
153040	3	3	2
153040	3	4	2
153040	4	2	2
153040	4	3	2
153040	4	4	3
153040	4	5	1
153040	5	1	3
153040	5	3	1
153040	5	4	1
153040	6	2	4
153040	6	3	1
153042	1	0	66
153042	1	1	23
153042	1	2	6
153042	1	4	4
153042	1	5	2
153042	2	0	2
153042	2	1	4
153042	2	2	6
153042	2	3	4
153042	2	4	3
153042	2	5	2
153042	3	0	1
153042	3	1	4
153042	3	2	1
153042	3	3	3
153042	3	4	7
153042	3	5	2
153042	4	0	2
153042	4	2	2
153042	4	4	1
153042	4	5	2
153042	5	0	2
153042	5	2	2
153042	5	3	2
153042	5	5	2
153042	6	0	1
153042	6	1	2
153042	6	2	7
153042	6	3	2
153042	6	5	1
153042	7	0	1
153042	7	2	1
153042	7	3	1
153043	1	0	33
153043	1	1	12
153043	1	2	3
153043	1	3	3
153043	1	4	2
153043	2	0	2
153043	2	1	1
153043	2	2	3
153043	2	3	1
153043	3	0	1
153043	3	2	1
153043	3	3	1
153043	3	4	2
153043	4	1	1
153043	4	3	1
153043	5	0	1
153043	5	1	2
153043	5	2	1
153043	5	3	1
153043	5	4	1
153043	6	0	1
153043	6	1	1
153043	6	2	5
153043	7	0	1
153046	1	0	8
153046	1	1	2
153046	1	2	1
153046	1	3	1
153046	2	3	1
153046	3	5	2
153046	4	3	1
153046	5	0	1
153046	5	1	1
153046	5	3	1
153046	6	2	1
153046	6	3	1
153046	6	4	2
153046	7	0	2
153046	7	3	1
153048	1	0	36
153048	1	1	11
153048	1	2	3
153048	1	3	3
153048	1	5	3
153048	2	0	3
153048	2	2	2
153048	2	3	1
153048	2	4	3
153048	2	5	1
153048	3	2	3
153048	3	3	3
153048	3	4	2
153048	3	5	1
153048	4	1	1
153048	4	2	2
153048	4	3	3
153048	4	4	2
153048	5	0	1
153048	5	1	4
153048	5	3	2
153048	5	4	2
153048	5	5	1
153048	6	0	1
153048	6	1	1
153048	6	2	3
153048	6	3	3
153048	6	4	2
153048	6	5	1
153049	1	0	15
153049	1	1	8
153049	1	2	3
153049	1	3	1
153049	1	4	2
153049	1	5	1
153049	2	0	2
153049	2	1	1
153049	2	2	2
153049	2	3	1
153049	2	4	2
153049	3	0	3
153049	3	3	2
153049	3	5	1
153049	4	1	1
153049	4	2	2
153049	4	5	1
153049	5	1	3
153049	5	2	1
153049	5	3	3
153049	6	0	1
153049	6	1	1
153049	6	2	1
153049	6	3	4
153049	8	0	1
153052	1	0	39
153052	1	1	20
153052	1	2	6
153052	1	3	2
153052	1	4	3
153052	1	5	3
153052	2	0	2
153052	2	1	1
153052	2	2	1
153052	2	3	1
153052	2	4	2
153052	3	0	2
153052	3	1	3
153052	3	2	3
153052	3	3	2
153052	3	4	2
153052	4	0	4
153052	4	1	1
153052	4	2	4
153052	4	3	2
153052	4	4	2
153052	5	0	3
153052	5	1	2
153052	5	2	5
153052	5	3	3
153052	6	0	5
153052	6	1	3
153052	6	2	1
153052	6	3	4
153052	7	0	2
153052	7	1	2
153060	1	0	52
153060	1	1	13
153060	1	2	1
153060	1	3	4
153060	1	4	1
153060	2	0	1
153060	2	1	1
153060	2	2	1
153060	2	3	2
153060	2	4	1
153060	3	0	1
153060	3	1	1
153060	3	2	3
153060	3	3	3
153060	3	4	1
153060	4	1	3
153060	4	2	1
153060	4	3	2
153060	4	4	1
153060	5	1	2
153060	5	2	2
153060	5	4	1
153060	6	1	2
153060	6	3	2
153060	6	4	4
153060	7	3	1
153062	1	0	91
153062	1	1	21
153062	1	2	3
153062	1	3	2
153062	1	5	2
153062	2	0	3
153062	2	1	3
153062	2	2	3
153062	2	3	1
153062	2	5	4
153062	3	0	3
153062	3	3	3
153062	3	4	1
153062	3	5	1
153062	4	0	2
153062	4	1	3
153062	4	2	1
153062	4	3	1
153062	4	4	1
153062	4	5	2
153062	5	0	2
153062	5	1	3
153062	5	2	6
153062	5	3	3
153062	5	4	2
153062	6	0	7
153062	6	1	2
153062	6	2	5
153062	6	3	3
153062	6	4	2
153062	7	1	3
153062	7	2	4
153062	8	2	1
153068	1	0	54
153068	1	1	9
153068	1	2	1
153068	1	3	3
153068	1	5	2
153068	2	1	1
153068	2	2	2
153068	2	3	2
153068	2	5	2
153068	3	1	1
153068	3	2	2
153068	3	3	2
153068	3	4	1
153068	3	5	2
153068	4	0	7
153068	4	1	1
153068	4	2	2
153068	4	3	1
153068	4	4	2
153068	5	0	3
153068	5	1	5
153068	5	2	3
153068	5	3	2
153068	5	4	1
153068	5	5	1
153068	6	1	2
153068	6	2	4
153068	6	3	1
153068	6	4	1
153068	7	0	1
153068	7	2	1
153072	1	0	55
153072	1	1	3
153072	1	3	2
153072	1	4	1
153072	1	5	2
153072	2	0	1
153072	2	1	1
153072	2	2	1
153072	2	3	3
153072	2	4	1
153072	2	5	3
153072	3	0	1
153072	3	2	1
153072	3	3	2
153072	3	5	2
153072	4	0	4
153072	4	1	1
153072	4	2	2
153072	4	3	4
153072	4	4	3
153072	4	5	1
153072	5	0	2
153072	5	1	5
153072	5	2	6
153072	5	3	3
153072	5	4	6
153072	6	0	1
153072	6	1	2
153072	6	2	4
153072	6	3	2
153072	6	4	1
153072	7	2	1
153076	1	0	54
153076	1	1	3
153076	1	2	2
153076	1	3	4
153076	1	5	4
153076	2	1	5
153076	2	2	2
153076	2	3	5
153076	2	4	1
153076	2	5	2
153076	3	0	1
153076	3	1	3
153076	3	2	2
153076	3	3	3
153076	3	4	4
153076	4	0	1
153076	4	2	1
153076	4	3	4
153076	4	4	2
153076	5	2	5
153076	5	3	4
153076	5	4	4
153076	6	0	1
153076	6	1	2
153076	6	2	4
153076	6	3	3
153076	6	4	2
153076	7	0	1
153076	7	3	2
153076	8	0	1
153080	1	0	25
153080	1	1	1
153080	1	2	2
153080	1	3	3
153080	2	0	4
153080	2	2	1
153080	2	3	1
153080	2	4	1
153080	3	0	2
153080	3	1	2
153080	4	1	1
153080	4	2	2
153080	4	4	3
153080	4	5	1
153080	5	0	1
153080	5	2	4
153080	5	3	2
153080	5	4	1
153080	5	5	1
153080	6	0	1
153080	6	2	3
153080	6	3	3
153080	7	1	1
153080	7	2	1
153080	7	3	1
153084	1	0	50
153084	1	1	3
153084	1	2	4
153084	1	3	5
153084	1	4	3
153084	1	5	3
153084	2	0	1
153084	2	1	4
153084	2	2	1
153084	2	4	1
153084	2	5	3
153084	3	1	1
153084	3	2	1
153084	3	3	3
153084	3	4	1
153084	3	5	1
153084	4	3	1
153084	4	4	2
153084	5	0	1
153084	5	1	2
153084	5	2	1
153084	5	3	6
153084	5	4	1
153084	5	5	2
153084	6	2	1
153084	6	3	3
153084	6	4	2
153084	6	5	2
153086	1	0	43
153086	1	1	7
153086	1	2	3
153086	1	3	1
153086	1	5	3
153086	2	0	1
153086	2	3	4
153086	2	4	1
153086	2	5	1
153086	3	0	1
153086	3	1	1
153086	3	2	3
153086	3	3	4
153086	3	4	1
153086	3	5	1
153086	4	0	1
153086	4	2	2
153086	4	3	1
153086	4	4	1
153086	4	5	2
153086	5	0	2
153086	5	1	2
153086	5	2	5
153086	5	3	2
153086	6	0	3
153086	6	1	2
153086	6	2	4
153091	1	0	35
153091	1	1	1
153091	1	3	1
153091	1	4	1
153091	2	1	1
153091	3	1	1
153091	3	2	4
153091	3	3	1
153091	5	4	1
153091	5	5	1
153091	6	1	1
153091	6	2	4
153091	6	3	1
153091	8	0	1
153091	8	1	1
153093	1	0	35
153093	1	1	4
153093	1	4	4
153093	2	1	3
153093	2	2	3
153093	2	3	1
153093	2	4	1
153093	3	1	1
153093	3	2	2
153093	3	3	2
153093	3	4	1
153093	4	0	1
153093	4	2	3
153093	4	3	1
153093	4	4	1
153093	4	5	1
153093	5	0	2
153093	5	1	2
153093	5	2	1
153093	5	3	2
153093	5	4	1
153093	6	0	2
153093	6	2	1
153095	1	0	43
153095	1	1	2
153095	1	2	2
153095	1	3	1
153095	1	5	1
153095	2	2	1
153095	2	3	1
153095	2	4	1
153095	2	5	2
153095	3	0	1
153095	3	4	1
153095	4	0	1
153095	4	3	1
153095	4	5	1
153095	5	0	1
153095	5	1	3
153095	5	2	2
153095	5	3	7
153095	6	0	1
153095	6	1	3
153095	6	2	2
153095	6	3	2
153099	1	0	44
153099	1	1	1
153099	1	2	1
153099	1	3	2
153099	1	5	2
153099	2	1	1
153099	2	2	1
153099	2	3	1
153099	2	4	1
153099	3	1	1
153099	3	3	1
153099	3	5	1
153099	4	2	1
153099	5	3	2
153099	6	0	2
153099	6	1	1
153099	6	3	1
153101	1	0	55
153101	1	1	2
153101	1	2	3
153101	1	3	1
153101	1	4	1
153101	1	5	1
153101	2	3	1
153101	2	4	2
153101	2	5	3
153101	3	1	1
153101	3	2	2
153101	3	3	1
153101	3	4	3
153101	3	5	3
153101	4	0	1
153101	4	1	2
153101	4	2	2
153101	4	3	3
153101	4	4	2
153101	5	0	1
153101	5	2	3
153101	5	3	3
153101	5	4	1
153101	6	0	1
153101	6	4	1
153101	7	0	1
153101	7	1	1
153103	1	0	10
153103	1	1	1
153103	1	2	1
153103	1	3	3
153103	1	4	1
153103	1	5	2
153103	2	0	2
153103	2	2	1
153103	2	3	1
153103	2	4	1
153103	3	0	1
153103	3	2	1
153103	3	3	1
153103	3	4	1
153103	4	2	1
153103	5	3	1
153103	6	1	1
153103	6	2	1
153103	6	3	1
153104	1	0	49
153104	1	1	4
153104	1	3	1
153104	2	0	1
153104	2	2	2
153104	2	4	2
153104	2	5	1
153104	3	2	3
153104	3	3	2
153104	3	4	1
153104	3	5	1
153104	4	2	2
153104	4	3	2
153104	5	0	1
153104	5	1	2
153104	5	3	1
153104	6	0	1
153105	1	0	49
153105	1	1	2
153105	1	2	2
153105	1	3	1
153105	1	4	1
153105	1	5	1
153105	2	4	1
153105	3	4	1
153105	3	5	3
153105	4	1	1
153105	4	3	2
153105	5	0	1
153105	5	2	1
153105	5	3	2
153105	5	4	1
153105	6	3	1
153105	6	4	1
153107	1	0	44
153107	1	1	2
153107	1	2	3
153107	1	5	1
153107	2	0	1
153107	2	4	1
153107	2	5	1
153107	3	0	1
153107	3	4	1
153107	5	4	1
153107	6	0	1
153107	6	4	1
153107	7	0	1
153111	1	0	21
153111	1	1	1
153111	1	2	2
153111	1	3	1
153111	1	4	1
153111	2	1	1
153111	2	2	1
153111	2	3	3
153111	2	4	1
153111	3	3	1
153111	5	2	1
153112	1	0	31
153112	1	2	3
153112	1	3	4
153112	1	5	1
153112	2	0	1
153112	2	2	1
153112	2	3	2
153112	2	4	1
153112	3	2	1
153112	3	4	2
153112	4	3	1
153113	1	0	44
153113	1	1	3
153113	1	3	2
153113	1	5	2
153113	2	1	1
153113	2	3	2
153113	2	4	1
153113	2	5	2
153113	3	0	2
153113	3	1	2
153113	4	0	1
153114	1	0	82
153114	1	1	4
153114	1	2	5
153114	1	3	5
153114	1	4	2
153114	1	5	1
153114	2	1	1
153114	2	3	1
153114	2	4	1
153114	3	1	1
153114	3	2	1
153115	1	0	74
153115	1	1	6
153115	1	2	1
153115	1	4	1
153115	1	5	2
153115	2	0	1
153115	2	1	1
153115	2	2	1
153115	2	4	1
153115	3	3	1
153116	1	0	114
153116	1	1	10
153116	1	3	1
153116	1	5	2
153116	2	2	1
153116	2	3	1
153116	2	4	1
153117	1	0	174
153117	1	1	6
153117	1	2	3
153117	1	3	1
153118	1	0	41
153118	1	1	4
155003	1	0	82
155003	1	4	1
155003	1	5	2
155003	2	0	1
155003	2	1	6
155003	2	2	6
155003	2	3	3
155003	2	4	8
155003	2	5	6
155003	3	0	5
155003	3	1	4
155003	3	3	3
155003	3	4	1
155003	5	1	1
155003	5	2	1
155003	5	3	4
155003	6	0	1
155003	6	1	2
155003	6	3	2
155003	6	4	2
155003	7	1	1
155003	7	2	1
155005	1	0	337
155005	1	1	2
155005	1	3	1
155005	1	5	4
155005	2	1	4
155005	2	2	4
155005	2	3	4
155005	2	4	2
155005	2	5	3
155005	3	0	1
155005	3	2	1
155005	3	3	3
155005	3	4	1
155005	4	0	1
155005	4	2	2
155005	4	3	1
155005	4	4	1
155005	5	0	1
155005	5	2	1
155005	5	4	3
155005	6	0	2
155005	6	1	3
155005	6	3	1
155005	7	1	1
240001	1	0	83
240001	1	1	34
240001	1	2	5
240001	1	3	3
240001	1	4	1
240001	1	5	2
240001	2	0	2
240001	2	1	5
240001	2	2	1
240001	2	3	4
240001	2	4	2
240001	2	5	1
240001	3	0	3
240001	3	1	2
240001	3	2	2
240001	3	3	3
240001	3	4	2
240001	3	5	4
240001	4	0	1
240001	4	2	4
240001	4	3	1
240001	4	4	4
240001	5	0	1
240001	5	1	1
240001	5	2	4
240001	5	3	6
240001	5	4	3
240001	5	5	1
240001	6	0	2
240001	6	1	2
240001	6	2	3
240001	6	3	4
240001	6	4	1
240001	7	0	1
240001	7	2	1
240002	1	0	46
240002	1	1	17
240002	1	2	4
240002	1	3	4
240002	1	4	3
240002	1	5	1
240002	2	0	1
240002	2	1	1
240002	2	3	1
240002	2	4	1
240002	3	2	2
240002	4	1	1
240002	4	2	3
240002	4	3	1
240002	5	2	2
240002	6	0	1
240002	6	1	2
240002	6	3	4
240002	6	4	2
240002	7	0	1
240002	7	3	2
241001	1	0	142
241001	1	1	15
241001	1	2	5
241001	1	4	5
241001	1	5	3
241001	2	0	3
241001	2	1	5
241001	2	2	3
241001	2	3	3
241001	2	4	7
241001	2	5	5
241001	3	0	2
241001	3	1	3
241001	3	2	5
241001	3	3	2
241001	3	4	9
241001	4	0	3
241001	4	1	2
241001	4	2	3
241001	4	3	7
241001	4	4	4
241001	4	5	2
241001	5	0	1
241001	5	1	6
241001	5	2	5
241001	5	3	5
241001	5	4	1
241001	6	0	1
241001	6	1	3
241001	6	2	2
241001	6	3	1
241001	7	1	1
247001	1	0	95
247001	1	1	19
247001	1	2	7
247001	1	3	3
247001	1	4	3
247001	1	5	1
247001	2	0	2
247001	2	1	2
247001	2	3	3
247001	2	5	2
247001	3	0	1
247001	3	2	1
247001	3	3	2
247001	4	0	1
247001	4	2	2
247001	4	4	1
247001	4	5	1
247001	5	0	3
247001	5	1	2
247001	5	2	3
247001	5	3	4
247001	5	4	3
247001	5	5	1
247001	6	0	3
247001	6	1	4
247001	6	2	5
247001	6	3	1
247001	6	4	1
247001	7	0	1
247005	1	0	78
247005	1	1	16
247005	1	2	3
247005	1	3	3
247005	1	4	2
247005	1	5	3
247005	2	0	3
247005	2	1	3
247005	2	2	4
247005	2	3	7
247005	2	4	5
247005	3	1	1
247005	3	3	6
247005	3	4	5
247005	3	5	4
247005	4	0	1
247005	4	1	2
247005	4	2	8
247005	4	3	4
247005	4	4	2
247005	5	0	1
247005	5	1	4
247005	5	2	4
247005	5	3	7
247005	5	4	1
247005	5	5	1
247005	6	0	3
247005	6	1	1
247005	6	3	5
247005	6	4	2
247009	1	0	97
247009	1	1	24
247009	1	2	5
247009	1	3	5
247009	1	4	5
247009	1	5	4
247009	2	0	3
247009	2	1	7
247009	2	2	2
247009	2	3	5
247009	2	4	4
247009	2	5	1
247009	3	0	1
247009	3	1	3
247009	3	2	1
247009	3	3	4
247009	3	4	3
247009	4	0	1
247009	4	1	4
247009	4	2	1
247009	4	3	3
247009	4	4	7
247009	4	5	1
247009	5	0	2
247009	5	1	2
247009	5	2	5
247009	5	3	3
247009	5	4	7
247009	5	5	1
247009	6	0	1
247009	6	1	4
247009	6	2	6
247009	6	3	4
247009	6	4	1
247009	7	3	1
247009	8	0	1
247023	1	0	99
247023	1	1	18
247023	1	2	8
247023	1	3	2
247023	1	4	2
247023	1	5	2
247023	2	0	1
247023	2	1	2
247023	2	2	1
247023	2	3	2
247023	2	4	2
247023	2	5	1
247023	3	0	3
247023	3	1	3
247023	3	2	2
247023	3	3	7
247023	3	4	3
247023	3	5	3
247023	4	2	2
247023	4	3	2
247023	4	4	3
247023	4	5	2
247023	5	0	5
247023	5	1	8
247023	5	2	1
247023	5	3	12
247023	5	4	6
247023	5	5	1
247023	6	0	2
247023	6	1	4
247023	6	3	1
247023	6	4	3
250001	1	0	151
250001	1	1	25
250001	1	2	3
250001	1	3	3
250001	1	4	7
250001	1	5	12
250001	2	0	4
250001	2	1	3
250001	2	2	2
250001	2	3	2
250001	2	4	4
250001	2	5	1
250001	3	0	1
250001	3	1	1
250001	3	2	1
250001	3	3	10
250001	3	4	3
250001	3	5	2
250001	4	0	1
250001	4	1	3
250001	4	2	2
250001	4	3	5
250001	4	4	4
250001	5	0	2
250001	5	1	3
250001	5	2	6
250001	5	3	6
250001	5	4	6
250001	6	0	2
250001	6	1	2
250001	6	2	1
250001	6	3	1
250001	6	4	2
250001	7	1	1
250001	7	2	1
250001	7	3	1
431001	1	0	155
431001	1	1	9
431001	1	2	7
431001	1	3	5
431001	1	4	2
431001	1	5	2
431001	2	0	2
431001	2	1	2
431001	2	2	1
431001	2	3	3
431001	2	4	4
431001	2	5	1
431001	3	1	4
431001	3	2	1
431001	3	3	1
431001	3	5	1
431001	4	2	2
431001	4	3	1
431001	4	4	1
431001	4	5	1
431004	1	0	92
431004	1	1	4
431004	1	2	3
431004	1	3	2
431004	1	4	1
431004	1	5	4
431004	2	0	3
431004	2	1	3
431004	2	2	2
431004	2	3	3
431004	2	5	1
431004	3	1	3
431004	3	2	2
431004	3	3	6
431004	3	4	1
431004	4	1	1
431004	4	4	2
431008	1	0	86
431008	1	1	10
431008	1	2	6
431008	1	3	2
431008	1	4	1
431008	1	5	1
431008	2	0	3
431008	2	2	1
431008	2	3	4
431008	2	4	1
431008	2	5	2
431008	3	1	1
431008	3	4	2
431008	4	1	1
431008	4	3	2
431008	4	5	1
431011	1	0	95
431011	1	1	12
431011	1	2	3
431011	1	3	2
431011	1	4	4
431011	1	5	1
431011	2	0	3
431011	2	1	2
431011	2	2	5
431011	2	3	4
431011	2	4	1
431011	3	0	1
431011	4	1	1
431011	4	2	2
431014	1	0	74
431014	1	1	2
431014	1	3	1
431014	1	4	3
431014	1	5	2
431014	2	0	1
431014	2	1	1
431014	2	2	2
431014	2	3	3
431014	2	4	2
431014	3	2	2
431014	3	3	1
431017	1	0	33
431017	1	1	5
431017	1	2	1
431017	1	3	1
431017	1	4	1
431017	2	1	2
431017	3	4	1
431018	1	0	96
431018	1	1	4
431018	1	2	4
431018	1	4	2
431018	2	4	2
431019	1	0	275
431019	1	1	8
431019	1	2	1
431019	1	3	1
431019	1	4	1
431019	2	0	1
431019	3	3	1
431019	3	5	1
431020	1	0	360
431020	1	1	6
431020	1	2	5
431020	1	4	1
431020	1	5	1
431021	1	0	211
431021	1	1	2
431021	1	2	2
439002	1	0	55
439002	1	1	2
439002	1	2	2
439002	1	3	4
439002	1	4	2
439002	1	5	1
439002	2	0	1
439002	2	1	4
439002	2	2	1
439002	2	3	2
439002	2	4	1
439002	3	0	2
439002	3	3	2
439002	3	4	1
439002	4	0	1
439002	5	1	1
439002	5	2	1
439002	5	4	1
439004	1	0	92
439004	1	1	16
439004	1	2	6
439004	1	3	5
439004	1	4	2
439004	1	5	3
439004	2	0	2
439004	2	1	1
439004	2	2	5
439004	2	3	2
439004	2	4	1
439004	2	5	4
439004	3	3	2
439004	3	5	1
439004	5	5	1
439008	1	0	131
439008	1	1	7
439008	1	2	4
439008	1	3	2
439008	1	5	1
439008	2	0	1
439008	2	3	1
439008	2	5	1
439008	4	5	1
439010	1	0	189
439010	1	1	10
439010	1	2	2
439010	1	3	2
439010	1	4	2
439010	1	5	1
439010	2	0	2
439010	2	1	1
439010	2	4	1
439010	3	3	1
439012	1	0	644
439012	1	1	2
439012	1	2	5
439012	1	3	1
439012	1	5	1
439014	1	0	363
439014	1	1	1
