GAME_ID	ROLE_ID	USER_ID	ROLE_NAME	GATEWAY_ID	NATIONALITY_ID	ROLE_GENDER	ROLE_OCCUPATION	ROLE_LEVEL	ROLE_STATE	CREATE_TIME	DELETE_TIME	LAST_LOGOUT_TIME	TOTAL_ONLINE_SECOND	MONEY1	MONEY2	EXPERIENCE
146	10296982	98333768	修罗丨致候つ	146103	0	1	5	7	1	2017/4/13 2:37		2017/4/13 2:55	1091	0	0	14932
146	10297002	98241371	贫尼有感觉了	146103	0	2	5	16	1	2017/4/13 2:57		2017/4/13 3:23	1546	0	50	2462
146	10297207	98334161	狂剑乄向皓	146103	0	1	1	8	1	2017/4/13 7:33		2017/4/13 9:53	1040	0	0	16278
146	10297247	98334257	海神丶	146103	0	1	4	9	1	2017/4/13 8:10		2017/4/13 8:20	626	0	90	5110
146	10297276	98334310	may丶梦	146103	0	2	2	83	1	2017/4/13 8:29		2017/4/23 22:04	137468	67	1097	6638904
146	10297386	98334586	无名小	146103	0	2	3	1	1	2017/4/13 10:09		2017/4/13 10:10	55	0	0	0
146	10297435	98334655	浮笙箬梦	146103	0	2	3	4	1	2017/4/13 10:37		2017/4/13 10:41	243	0	0	12149
146	10297605	98149710	九天千晨	146103	0	2	3	10	1	2017/4/13 12:49		2017/4/14 17:49	2228	0	175	7588
146	10297622	98335146	孤独乄夫高丶	146103	0	1	5	16	1	2017/4/13 12:58		2017/4/13 15:17	1701	0	50	14717
146	10297647	98335285	★美琳雨昔	146092	0	2	3	1	2	2017/4/13 13:26	2017/4/13 15:13	2017/4/13 13:45	743	0	0	7000
146	10297731	98335493	月光の道海	146103	0	1	5	24	1	2017/4/13 14:24		2017/4/15 11:16	10049	0	125	21929
146	10297978	98336188	淺笶墨白	146103	0	1	4	83	1	2017/4/13 17:33		2017/5/10 19:59	31608	19	2414	3946386
146	10298007	98336266	我低調我不說	146001	0	1	5	87	1	2017/4/13 17:49		2017/4/28 6:45	14689	0	1910	3592182
146	10298089	98336505	缘锋乄偉问灬	146103	0	1	4	8	1	2017/4/13 18:29		2017/4/14 16:50	687	0	0	5957
146	10298334	98337037	★轩辕烁忆	146103	0	1	4	1	1	2017/4/13 20:01		2017/4/13 20:01	51	0	0	0
146	10298465	98337413	青阳杨曼	146103	0	2	2	6	1	2017/4/13 20:57		2017/4/13 21:03	379	0	50	1383
146	10298483	98337493	雪舞慧惜	146103	0	2	3	65	1	2017/4/13 21:07		2017/4/16 11:25	13620	0	1182	1698479
146	10298615	98337947	顾北轻歌寒ヾ	146103	0	1	4	15	1	2017/4/13 22:08		2017/4/13 22:27	1190	0	50	11172
146	10298632	98338038	似水言妹★	146103	0	2	3	22	1	2017/4/13 22:18		2017/4/13 23:20	3497	0	65	21171
146	10298648	98337947	紫夜百芳	146100	0	1	1	2	1	2017/4/13 22:28		2017/4/13 22:29	76	0	0	3200
146	10298656	98338227	孤单の芝玲	146103	0	2	5	2	1	2017/4/13 22:37		2017/4/13 22:38	79	0	0	3200
146	10298657	98338168	★霸刀霞月	146100	0	2	5	4	1	2017/4/13 22:37		2017/4/13 22:41	205	0	50	7152
146	10298669	98338168	★霸刀霞月子	146005	0	2	5	4	1	2017/4/13 22:42		2017/4/13 22:52	612	0	50	12677
146	10299056	98339550	启远蔚伊	146103	0	1	1	1	1	2017/4/14 5:12		2017/4/14 5:20	464	0	0	0
146	10299234	98340075	丿淳于姿淑	146103	0	2	3	4	1	2017/4/14 8:53		2017/4/14 10:14	476	0	0	12889
146	10299245	98340116	独爱玉水	146089	0	1	4	15	1	2017/4/14 9:05		2017/4/14 12:53	3690	0	0	2642
146	10300008	98344273	依恋雪晴	146040	0	2	3	12	1	2017/4/14 16:13		2017/4/14 16:40	1581	0	50	2834
146	10300056	98344462	风月悠秋	146103	0	2	2	69	1	2017/4/14 16:36		2017/4/15 10:09	20563	58	1671	1286463
146	10300195	98344797	悠然笙巧丶	146103	0	2	3	1	1	2017/4/14 17:22		2017/4/14 17:23	48	0	0	0
146	10300423	98345726	孤云忆亮	146103	0	1	5	1	1	2017/4/14 18:53		2017/4/14 18:58	300	0	0	0
146	10300493	98345788	靓姐vs凌云	146103	0	1	4	35	1	2017/4/14 19:14		2017/4/15 13:27	6324	0	0	26840
146	10300499	98346061	空门竹赐	146103	0	1	5	3	1	2017/4/14 19:17		2017/4/14 19:20	169	0	0	100
146	10300749	98346875	★圣域落寞	146103	0	1	1	67	1	2017/4/14 20:33		2017/4/16 21:25	17812	0	775	1214592
146	10300956	98347462	凤舞尔锋	146005	0	1	4	68	1	2017/4/14 21:26		2017/4/23 15:44	17769	0	1	710792
146	10301012	98347572	梦幻の羽亦	146084	0	1	4	113	1	2017/4/14 21:40		2017/6/2 19:10	56940	3	1378	11535196
146	10301103	98347981	乐尘歌颖	146103	0	2	3	1	1	2017/4/14 22:14		2017/4/14 22:27	50	0	0	0
146	10301304	98348771	★正承定谷★	146103	0	1	1	1	1	2017/4/14 23:19		2017/4/14 23:19	23	0	0	0
146	10301346	98349066	笙箫绝蔚	146103	0	1	1	4	1	2017/4/14 23:44		2017/4/14 23:53	574	0	0	12152
146	10301412	98349485	慕尘の	146103	0	2	2	51	1	2017/4/15 0:31		2017/4/15 9:51	9331	0	20	260672
146	10301414	98349480	●馨雨●	146103	0	2	3	47	1	2017/4/15 0:32		2017/4/15 2:10	5880	0	160	43942
146	10301430	98349579	★傲寒	146103	0	1	4	54	1	2017/4/15 0:49		2017/4/15 15:19	17718	0	348	422155
146	10301435	32171475	搋子	146103	0	2	3	97	1	2017/4/15 0:52		2017/5/3 18:42	108829	69	3192	9085481
146	10301519	98350303	烟雨の斌雪	146103	0	1	4	15	1	2017/4/15 3:19		2017/4/15 3:59	2380	0	0	2765
146	10301764	98350963	一定天	146103	0	1	4	3	1	2017/4/15 7:34		2017/4/15 7:44	610	0	0	9724
146	10301814	98351086	梦潇丨允友灬	146103	0	1	4	13	1	2017/4/15 7:52		2017/4/15 8:27	2067	0	150	6987
146	10302169	98352000	凡灵之飘	146103	0	2	3	13	1	2017/4/15 9:55		2017/4/15 13:59	14449	0	0	23234
146	10302414	98352591	薄唇	146040	0	1	4	92	1	2017/4/15 11:05		2017/5/2 20:52	131945	8	2903	17335312
146	10302521	98352868	不败雁冥	146103	0	1	4	63	1	2017/4/15 11:33		2017/4/18 21:42	9099	0	1030	424308
146	10302581	98353026	會烟开慈	146103	0	1	1	8	1	2017/4/15 11:50		2017/4/15 12:05	869	0	50	5780
146	10302669	98353024	玲珑雪寇	146103	0	1	1	3	2	2017/4/15 12:20	2017/4/15 12:32	2017/4/15 12:31	676	0	50	9100
146	10302693	98353024	★雷成甫谊	146103	0	1	4	14	1	2017/4/15 12:32		2017/4/15 15:32	2631	0	150	16200
146	10302904	98354108	带刺的蔷薇	146103	0	2	5	9	1	2017/4/15 13:42		2017/4/15 14:04	1224	0	50	4994
146	10303034	98354443	宗凌福禹	146103	0	1	4	2	1	2017/4/15 14:17		2017/4/15 14:19	95	0	0	7200
146	10303294	98355151	婧雯灵宜灬	146103	0	2	3	3	1	2017/4/15 15:32		2017/4/15 15:36	200	0	0	5136
146	10303436	98355553	缘诺木礼★	146002	0	1	4	16	1	2017/4/15 16:58		2017/4/15 17:45	2852	0	50	1484
146	10303632	98355553	健身。	146002	0	1	4	16	1	2017/4/15 17:49		2017/4/15 18:59	4169	0	0	502
146	10303686	98356590	凌神圣	146040	0	2	3	70	1	2017/4/15 18:05		2017/4/18 17:16	29498	0	905	1950316
146	10303699	98356620	★国灵赤莫灬	146098	0	1	5	1	1	2017/4/15 18:09		2017/4/15 18:16	381	0	0	0
146	10303783	98356827	韵幽羽寻	146097	0	1	4	10	1	2017/4/15 18:34		2017/4/15 18:50	936	0	0	3202
146	10303812	98356960	冰鵬乄津尧	146103	0	1	5	4	1	2017/4/15 18:43		2017/4/15 21:27	1192	0	0	2149
146	10303895	98356620	死宅魔王	146098	0	1	4	1	1	2017/4/15 19:12		2017/4/15 19:13	46	0	0	0
146	10303922	98357343	夢雅の梦云	146005	0	2	2	4	1	2017/4/15 19:18		2017/4/15 19:27	519	0	50	2152
146	10304024	98357513	真田信之	146103	0	1	4	53	1	2017/4/15 19:47		2017/4/20 12:45	13242	0	610	300597
146	10304069	98357753	《银河》	146103	0	1	4	71	1	2017/4/15 19:59		2017/5/23 19:37	14547	60	819	97074
146	10304129	98357953	浮雲湃范	146103	0	1	5	37	1	2017/4/15 20:16		2017/4/16 11:27	6112	0	250	39923
146	10304242	98358303	夏侯妙兰つ	146103	0	2	2	15	1	2017/4/15 20:44		2017/4/15 21:23	2358	0	80	11636
146	10304373	98358717	烟雨の彬寒	146103	0	1	4	56	1	2017/4/15 21:16		2017/5/19 22:59	5823	0	1050	60237
146	10304526	98359199	纵横修树	146103	0	1	4	6	1	2017/4/15 21:57		2017/4/15 22:20	1369	0	50	1355
146	10304596	98358717	君辉望舟灬	146103	0	1	5	8	1	2017/4/15 22:18		2017/4/16 10:17	513	0	0	5974
146	10304656	98359695	格子麓	146101	0	1	5	3	1	2017/4/15 22:39		2017/4/15 22:41	154	0	50	5100
146	10304665	98336188	◆淺笑白衣	146103	0	1	4	85	1	2017/4/15 22:42		2017/5/10 20:54	87204	5	435	10677135
146	10304744	98359786	★枫兰熙绿★	146103	0	1	4	4	1	2017/4/15 23:13		2017/4/15 23:20	431	0	50	13027
146	10304777	98360426	兰诺の羽裳	146103	0	2	3	2	1	2017/4/15 23:38		2017/4/15 23:44	382	0	0	3200
146	10304873	98361016	★寒九苍捷	146103	0	1	1	1	1	2017/4/16 0:36		2017/4/16 0:38	124	0	0	0
146	10304883	98361092	美丽の賢碧灬	146103	0	2	5	2	1	2017/4/16 0:46		2017/4/16 0:48	137	0	50	3200
146	10304913	98361266	千弦乄泉婉灬	146103	0	2	3	7	1	2017/4/16 1:12		2017/4/16 1:26	820	0	0	7281
146	10305252	98362807	嘉尘忆希	146103	0	2	2	13	1	2017/4/16 8:13		2017/4/16 9:32	2502	0	50	8137
146	10305279	98362907	丽薇の旋蓉	146103	0	2	5	3	1	2017/4/16 8:28		2017/4/16 8:58	1434	0	50	9100
146	10305318	98363015	咏歌赐康	146103	0	1	4	3	1	2017/4/16 8:45		2017/4/16 8:48	161	0	0	100
146	10305321	98361266	源烟迗哋	146103	0	1	4	3	1	2017/4/16 8:46		2017/4/16 8:50	247	0	0	9100
146	10305375	98363177	雪弦笙盈	146103	0	1	4	7	1	2017/4/16 9:05		2017/4/16 16:09	3108	0	50	7319
146	10305378	98363178	★兰秋琳寻	146103	0	2	5	4	1	2017/4/16 9:06		2017/4/16 9:23	1011	0	100	12152
146	10305673	98364098	丿鐵洫忠轩	146103	0	1	4	6	2	2017/4/16 10:43	2017/4/16 11:35	2017/4/16 10:50	409	0	0	1282
146	10305712	98364098	★车涵无痕灬	146103	0	1	4	63	1	2017/4/16 10:51		2017/4/28 19:08	20941	0	454	224367
146	10305728	98364220	九寒宏宾	146103	0	1	5	75	1	2017/4/16 10:56		2017/4/25 21:45	14581	0	1960	3150496
146	10305750	98364308	★古月寻琳丶	146103	0	2	3	11	1	2017/4/16 11:04		2017/4/16 20:39	945	0	50	14244
146	10305972	98364912	哥哥leslie	146103	0	1	5	63	1	2017/4/16 12:07		2017/5/12 21:19	10318	0	0	485668
146	10306072	98365246	宗凌捷旷	146103	0	1	5	10	1	2017/4/16 12:36		2017/4/16 15:49	1315	0	50	3217
146	10306105	98365348	美程棋青	146001	0	1	5	2	1	2017/4/16 12:47		2017/4/16 12:48	60	0	0	3200
146	10306121	98365384	流年龍坤	146103	0	1	4	8	1	2017/4/16 12:51		2017/4/16 13:09	1044	0	0	10579
146	10306168	98365553	意隆适浩★	146103	0	1	1	3	1	2017/4/16 13:06		2017/4/16 13:14	481	0	50	5243
146	10306251	98365816	天煞洋茂灬	146103	0	1	4	1	1	2017/4/16 13:30		2017/4/16 13:34	43	0	0	7000
146	10306272	98365893	歌慧晨兰	146103	0	2	3	10	1	2017/4/16 13:38		2017/4/16 14:00	1337	0	50	3628
146	10306298	98365942	★安陵永以	146103	0	1	1	65	1	2017/4/16 13:44		2017/4/17 23:43	11341	0	69	574269
146	10306317	98366018	飞龙悦隶	146103	0	1	4	15	1	2017/4/16 13:50		2017/4/16 14:26	2042	0	30	16179
146	10306367	98366227	佳臣铁九	146103	0	1	1	2	1	2017/4/16 14:11		2017/4/16 14:14	221	0	0	3200
146	10306549	98366686	天涯猎豹	146075	0	1	4	65	1	2017/4/16 14:59		2017/4/19 13:15	12186	0	703	410166
146	10306578	98366805	若水乄會蔚	146103	0	1	4	9	1	2017/4/16 15:09		2017/4/16 15:17	533	0	0	12969
146	10306767	98364220	奚玥儿	146103	0	2	3	4	1	2017/4/16 15:55		2017/4/16 16:03	318	0	0	2161
146	10306771	98367298	歌慧风玲	146103	0	2	3	25	1	2017/4/16 15:57		2017/4/20 8:45	6400	0	190	30876
146	10306787	98367403	★縋颩幻槐	146103	0	1	5	11	1	2017/4/16 16:08		2017/4/16 16:25	982	0	0	4333
146	10306881	98356590	妃仙湘娟	146040	0	2	5	12	1	2017/4/16 16:36		2017/4/16 17:13	1393	0	0	13414
146	10306911	98367794	唯love随心	146062	0	2	3	27	1	2017/4/16 16:46		2017/4/16 18:11	4239	0	80	24163
146	10307005	98368145	孤单仁妖灬	146103	0	1	4	11	1	2017/4/16 17:15		2017/4/16 17:28	805	0	0	14409
146	10307029	98368274	冰之雪九尾狐	146103	0	2	3	35	1	2017/4/16 17:26		2017/4/23 7:26	7473	0	286	17066
146	10307035	98367298	湘辰沁卉★	146103	0	2	2	7	2	2017/4/16 17:28	2017/4/18 19:09	2017/4/16 17:38	601	0	0	6942
146	10307181	98368804	亡者融药	146103	0	1	4	42	1	2017/4/16 18:21		2017/4/20 21:18	21492	0	657	55326
146	10307195	98368884	情谊丨婧泽★	146103	0	2	2	25	1	2017/4/16 18:26		2017/4/16 19:25	3564	0	100	15726
146	10307219	98368978	明月裳落丶	146103	0	2	3	11	1	2017/4/16 18:36		2017/4/17 21:58	1584	0	100	4246
146	10307466	98369891	智邪炎定	146002	0	1	4	16	1	2017/4/16 20:05		2017/4/17 23:19	2546	0	200	8520
146	10307571	98370218	湘濡苡沫丶	146103	0	2	5	4	1	2017/4/16 20:38		2017/4/16 20:44	340	0	0	12961
146	10307632	98370524	兰若丨之紫	146103	0	2	2	8	1	2017/4/16 21:00		2017/4/16 21:11	618	0	0	5311
146	10307825	97993273	★一叶绝冰	146103	0	1	4	11	1	2017/4/16 22:45		2017/4/16 23:26	2094	0	50	14491
146	10307871	97993273	灭世丨傲昔丶	146103	0	1	5	25	1	2017/4/16 23:23		2017/4/17 19:24	4166	0	100	30671
146	10307885	97993273	丿炼狱晴坤つ	146103	0	1	1	2	2	2017/4/16 23:31	2017/4/16 23:33	2017/4/16 23:32	74	0	0	3200
146	10307941	98372736	顽石不语	146002	0	1	4	114	1	2017/4/17 0:12		2017/6/5 20:24	395771	0	215	16595747
146	10308026	98370134	冰夜珠锋丶	146103	0	1	5	4	1	2017/4/17 4:09		2017/4/17 4:23	854	0	50	2155
146	10308064	98373949	完颜萍	146103	0	2	3	12	1	2017/4/17 6:20		2017/4/17 6:38	1121	0	27	2544
146	10308132	98374207	红豆蔻	146103	0	2	2	35	1	2017/4/17 7:56		2017/4/17 10:26	8794	0	140	28731
146	10308230	32171475	林颂驹文	146098	0	1	1	5	1	2017/4/17 10:30		2017/4/17 10:34	239	0	0	6770
146	10308540	98376342	★峰宗杰桃★	146103	0	1	1	43	1	2017/4/17 13:51		2017/4/17 21:40	7711	0	174	16350
146	10308559	98376502	东野睿邪	146103	0	1	1	15	1	2017/4/17 14:12		2017/4/17 15:06	2741	0	0	21147
146	10308572	98376571	风雪暖盈	146100	0	2	3	98	1	2017/4/17 14:23		2017/5/16 22:46	110845	0	0	11561479
146	10308596	98376680	青莹丨心佳	146103	0	2	3	12	1	2017/4/17 14:40		2017/4/30 11:03	1717	0	0	13488
146	10308601	98376686	夏丿天	146103	0	1	4	25	1	2017/4/17 14:41		2017/4/17 15:47	3869	0	100	7720
146	10308714	98375784	触手tv秋风	146103	0	2	3	74	1	2017/4/17 16:00		2017/4/20 22:45	22702	2	922	583797
146	10308815	39041089	狂战乄魔	146103	0	1	1	8	1	2017/4/17 16:56		2017/4/17 17:04	497	0	0	5664
146	10308910	98377969	轩美★	146103	0	2	3	2	1	2017/4/17 17:33		2017/4/17 22:22	17376	0	0	3200
146	10309082	98378457	丿文薇依恋丶	146103	0	2	3	4	1	2017/4/17 18:48		2017/4/17 18:52	223	0	42	7149
146	10309092	98378724	淑妍萍沁	146086	0	2	3	10	1	2017/4/17 18:55		2017/4/18 18:14	3233	0	0	8925
146	10309136	98378724	美辰妙邦つ	146086	0	1	4	4	1	2017/4/17 19:25		2017/4/17 19:57	1375	0	0	2789
146	10309194	98379085	暗月丨梦雅	146103	0	2	3	71	1	2017/4/17 19:35		2017/4/23 13:05	17168	0	102	766397
146	10309242	98379261	傲阳の卉冰	146103	0	1	5	10	1	2017/4/17 19:52		2017/4/17 20:06	884	0	0	3379
146	10309243	98367298	丿疾同季思灬	146103	0	1	4	11	2	2017/4/17 19:52	2017/4/17 20:46	2017/4/17 20:45	2240	0	0	4088
146	10309420	98367298	仙楓映轩	146103	0	2	3	4	1	2017/4/17 20:47		2017/4/17 20:55	492	0	0	7149
146	10309616	98380669	丿秋寒尛	146101	0	1	4	8	1	2017/4/17 22:04		2017/4/17 22:12	524	0	150	5214
146	10309723	98381162	暴龙者	146103	0	1	4	4	1	2017/4/17 22:48		2017/4/17 22:51	231	0	0	12194
146	10309742	98381373	卿玲	146103	0	2	3	10	1	2017/4/17 22:56		2017/4/17 23:13	968	0	0	3367
146	10309765	98381598	闪现抱你	146103	0	2	3	66	1	2017/4/17 23:13		2017/5/24 2:13	15922	0	1098	1426582
146	10309792	98381724	傲視羽悦★	146103	0	1	4	9	1	2017/4/17 23:22		2017/4/17 23:36	797	0	2	13122
146	10309900	98382492	★万洲戎谷	146103	0	1	4	90	1	2017/4/18 0:39		2017/5/8 23:33	349077	162	144	15916025
146	10310154	98383986	太史落丽	146103	0	2	3	2	1	2017/4/18 8:45		2017/4/18 8:54	411	0	50	7200
146	10310331	98384900	远枫の云艾つ	146104	0	1	4	15	1	2017/4/18 11:28		2017/4/18 14:18	2254	0	40	20979
146	10310390	39041089	邪神乄剑	146104	0	1	5	80	1	2017/4/18 12:02		2017/4/28 20:30	79504	19	1803	12872223
146	10310478	98385590	旧梦飘佳	146062	0	2	2	12	2	2017/4/18 12:58	2017/4/24 18:34	2017/4/18 13:16	1111	0	0	19417
146	10310677	98386532	浅夏の星空	146040	0	2	3	82	1	2017/4/18 15:14		2017/5/5 11:13	35716	0	2260	4484497
146	10310857	98387474	浮威冉教★	146001	0	1	1	3	1	2017/4/18 17:13		2017/4/18 17:15	130	0	0	9100
146	10310898	98387692	丿芳晴雪陌	146084	0	2	2	37	1	2017/4/18 17:39		2017/4/30 18:40	7067	0	380	43897
146	10311009	98388122	丿婧宜和灿	146040	0	2	2	105	1	2017/4/18 18:35		2017/6/4 19:37	231966	12	3468	77867694
146	10311064	98367298	丿青云琳弦	146103	0	2	3	4	1	2017/4/18 19:09		2017/4/18 19:18	551	0	200	12185
146	10311376	98389633	★美逸婉瑞丶	146104	0	2	2	6	1	2017/4/18 21:25		2017/4/18 21:58	1990	0	0	11177
146	10311466	98389889	若汐、	146040	0	2	2	13	1	2017/4/18 22:04		2017/4/21 19:04	2506	0	200	6635
146	10311586	98390673	我命由我，喏	146104	0	1	5	15	1	2017/4/18 23:19		2017/4/18 23:55	2134	0	175	2995
146	10311696	98391740	《太子》	146092	0	1	4	41	1	2017/4/19 2:20		2017/4/19 9:52	27132	0	54	72415
146	10311923	98392421	丿冰卓血雅	146104	0	1	5	9	1	2017/4/19 7:38		2017/4/19 16:00	895	0	0	4925
146	10311999	98392816	★傲血雷天	146001	0	1	5	96	1	2017/4/19 9:11		2017/5/6 9:27	123978	2	35	31365531
146	10312077	98393176	贺兰真猪????	146104	0	2	5	65	1	2017/4/19 10:17		2017/4/23 13:44	13665	0	764	332462
146	10312174	98393676	卓凤乄寇秋	146104	0	1	5	56	1	2017/4/19 11:39		2017/4/19 23:51	19199	0	227	221104
146	10312208	98393759	sanmaotony	146104	0	1	4	82	1	2017/4/19 11:53		2017/5/3 21:14	79449	0	292	1687653
146	10312344	98394201	南门峰季	146104	0	1	1	2	1	2017/4/19 12:52		2017/4/19 12:58	335	0	0	3200
146	10312424	98394410	幽魂陌颖	146104	0	2	3	61	1	2017/4/19 13:27		2017/4/21 19:33	31881	0	0	184980
146	10312491	98394605	我不是tuo	146104	0	1	5	4	1	2017/4/19 13:56		2017/4/19 14:21	700	0	0	12352
146	10312526	98386532	幽蘭洺芝★	146040	0	2	2	1	2	2017/4/19 14:31	2017/4/19 18:44	2017/4/19 14:32	65	0	0	7000
146	10312548	98387692	尐尐草	146104	0	2	2	12	1	2017/4/19 14:57		2017/4/20 11:14	851	0	130	2408
146	10312637	98395442	临风友玄	146104	0	1	1	13	1	2017/4/19 16:03		2017/4/21 12:53	1285	0	0	6569
146	10312680	98395442	不凡の波井	146104	0	1	1	8	1	2017/4/19 16:22		2017/4/19 17:15	2572	0	0	5647
146	10312784	98395969	弘太伟悦	146001	0	1	1	67	1	2017/4/19 17:15		2017/4/28 15:07	8841	0	0	2048735
146	10312834	98396135	清风丶扶柳	146104	0	1	4	46	1	2017/4/19 17:36		2017/4/21 1:11	6150	0	450	51727
146	10312839	98396141	苦海无边丶	146104	0	1	1	92	1	2017/4/19 17:37		2017/5/29 19:12	129473	74	2833	2009711
146	10312982	98386532	婉晨盈楓	146002	0	2	2	1	1	2017/4/19 18:44		2017/4/19 18:45	23	0	0	0
146	10313164	98397194	春婧音忆灬	146100	0	2	3	17	1	2017/4/19 20:03		2017/4/22 15:41	3036	0	100	5792
146	10313284	98397495	染风雅湃	146104	0	1	4	1	1	2017/4/19 20:44		2017/4/19 21:12	148	0	0	7000
146	10313296	98397522	浮～	146104	0	1	4	3	1	2017/4/19 20:46		2017/4/19 20:52	356	0	0	5100
146	10313402	65830152	水岛津实	146104	0	2	3	4	1	2017/4/19 21:42		2017/4/19 21:46	279	0	50	12299
146	10313442	98398240	江南洺兮	146104	0	2	2	80	1	2017/4/19 22:03		2017/4/27 0:42	86904	9	219	33096743
146	10313460	98398351	白鸥乄魂风灬	146104	0	1	4	2	1	2017/4/19 22:18		2017/4/19 22:20	102	0	0	7200
146	10313477	98398240	丿玲珑文素	146104	0	2	3	1	2	2017/4/19 22:27	2017/4/26 21:02	2017/4/19 22:28	33	0	0	7000
146	10313519	98337038	丿行伊靖锦つ	146104	0	1	5	80	1	2017/4/19 22:51		2017/4/29 23:54	29327	16	1019	13789465
146	10313556	98398879	慕尘沫恋	146104	0	2	5	14	1	2017/4/19 23:22		2017/4/19 23:47	1504	0	0	4028
146	10314242	98401199	李丶奇奇	146104	0	1	4	93	1	2017/4/20 11:12		2017/5/8 14:34	163979	18	140	2264677
146	10314263	98401275	清潇丨柔飘	146001	0	2	2	14	1	2017/4/20 11:29		2017/4/20 12:26	2041	0	50	16292
146	10314352	98401703	輕誑延浪	146104	0	1	5	6	1	2017/4/20 12:52		2017/4/20 14:16	560	0	100	1112
146	10314406	98402024	东方妙巧★	146104	0	1	5	10	1	2017/4/20 13:43		2017/4/28 23:19	1185	0	170	14762
146	10314420	98402091	刀客巍才	146104	0	1	5	71	1	2017/4/20 13:55		2017/4/26 19:41	19520	0	515	1198169
146	10314432	98401703	古龙剑魔	146104	0	1	4	6	1	2017/4/20 14:07		2017/4/20 14:13	382	0	50	1422
146	10314442	98401703	★名忌木悠	146104	0	1	1	6	2	2017/4/20 14:16	2017/4/20 14:37	2017/4/20 14:37	343	0	0	1433
146	10314481	98401703	浮譁乄屠命	146104	0	1	1	68	1	2017/4/20 14:41		2017/4/21 17:56	19132	0	470	46451
146	10314533	98402524	墨嬅	146103	0	2	3	8	1	2017/4/20 15:33		2017/4/20 15:42	533	0	50	10755
146	10314585	98402692	锦宏诺盛	146104	0	1	1	38	1	2017/4/20 16:10		2017/4/21 12:51	5442	0	200	57889
146	10314670	98402916	意隆寒瑞丶	146104	0	1	4	49	1	2017/4/20 16:50		2017/5/3 18:25	12931	0	61	175705
146	10314737	98403022	丿古歌浦丰	146005	0	1	4	7	1	2017/4/20 17:10		2017/4/20 17:26	653	0	50	15136
146	10314876	98403210	谷浑栋向	146104	0	1	4	29	1	2017/4/20 17:45		2017/4/23 17:54	4202	0	100	41178
146	10314965	87116263	嘉谊谷果★	146104	0	1	1	1	1	2017/4/20 18:28		2017/4/20 19:20	3157	0	0	0
146	10315017	98403634	丿柏之飞白灬	146104	0	1	4	19	1	2017/4/20 19:01		2017/4/20 19:57	3361	0	21	21020
146	10315212	98404053	兴朝烁觅	146104	0	1	1	14	1	2017/4/20 20:10		2017/4/20 20:54	2552	0	100	4474
146	10315231	98404079	梦醒亦枉然	146040	0	1	1	2	2	2017/4/20 20:17	2017/4/20 20:19	2017/4/20 20:18	80	0	0	3200
146	10315269	98404126	sk有财	146101	0	1	5	35	1	2017/4/20 20:25		2017/4/20 21:29	3852	0	130	15469
146	10315347	98404249	池楚乄弘晨	146104	0	1	4	3	1	2017/4/20 20:40		2017/4/20 20:42	146	0	0	5100
146	10315386	98404321	萧萧丨无心	146104	0	2	3	6	1	2017/4/20 20:50		2017/4/20 21:20	1785	0	0	11427
146	10315412	98404053	柏香義伟つ	146104	0	1	4	38	1	2017/4/20 20:56		2017/4/21 3:20	9668	0	99	29347
146	10315726	98405473	雪之少女	146104	0	2	3	10	1	2017/4/20 23:21		2017/4/21 10:53	837	0	0	3126
146	10315971	98404053	公羊ハ方	146001	0	1	5	71	1	2017/4/21 3:31		2017/4/22 11:11	36749	0	0	358767
146	10316157	98406944	帝山存灭★	146104	0	1	4	29	1	2017/4/21 8:32		2017/6/2 11:41	5768	0	860	43917
146	10316266	98407367	紫云乄鸿延つ	146104	0	1	5	14	1	2017/4/21 10:19		2017/4/21 11:57	5882	0	0	10262
146	10316284	98407419	解十七	146104	0	1	4	93	1	2017/4/21 10:31		2017/5/18 12:49	161834	30	1290	2952868
146	10316347	98407656	★上官同贤★	146104	0	1	4	53	1	2017/4/21 11:21		2017/4/22 14:06	9730	0	90	249165
146	10316350	98407671	静雲欣娟	146001	0	2	3	75	1	2017/4/21 11:23		2017/4/22 15:25	24209	0	19	1237462
146	10316367	98407730	卓逸炫芙	146104	0	2	3	2	1	2017/4/21 11:34		2017/4/21 11:41	383	0	0	3200
146	10316431	98408084	琳彤の含笙	146104	0	2	3	3	1	2017/4/21 12:44		2017/4/21 12:48	186	0	80	5100
146	10316438	98408113	桃李小馒头	146104	0	2	3	80	1	2017/4/21 12:49		2017/4/26 19:18	140049	17	1739	8892623
146	10316440	98408099	九宸°	146104	0	1	1	8	1	2017/4/21 12:51		2017/4/21 13:02	555	0	0	10842
146	10316445	98395442	涵程阳轩	146104	0	1	1	11	1	2017/4/21 12:53		2017/4/21 14:40	6404	0	0	20320
146	10316465	98408182	桃李小馒头°	146104	0	1	4	70	1	2017/4/21 13:03		2017/4/24 17:39	39563	244	250	2123261
146	10316503	98408331	蝴蝶丨忆笙★	146001	0	2	3	21	1	2017/4/21 13:30		2017/4/21 14:19	2967	0	130	23087
146	10316598	98407671	堂桐阁语	146104	0	1	4	3	1	2017/4/21 14:50		2017/4/21 14:52	112	0	0	100
146	10316645	98408915	战帅八号	146104	0	1	4	45	1	2017/4/21 15:34		2017/4/22 12:30	7822	0	100	32227
146	10316856	98409610	蔚坤瑞嘉	146104	0	1	5	12	1	2017/4/21 17:47		2017/4/22 10:30	1773	0	100	19452
146	10316860	98409616	vnboss	146104	0	2	5	4	1	2017/4/21 17:48		2017/4/21 19:51	329	0	0	7155
146	10317030	98396141	梦琳丨茵荧★	146104	0	2	3	32	1	2017/4/21 18:49		2017/4/30 21:27	3130	49	100	34200
146	10317226	98410791	萩颩丨城骏	146104	0	1	1	4	1	2017/4/21 19:53		2017/4/21 20:02	490	0	0	12149
146	10317280	98410940	诸葛紫英つ	146104	0	2	3	17	1	2017/4/21 20:13		2017/4/22 12:09	6064	0	0	16303
146	10317372	98411341	神龙丨砚源丶	146104	0	1	4	29	1	2017/4/21 20:38		2017/4/21 22:10	4936	0	165	40343
146	10317430	98411504	冥幽绝悟丶	146104	0	1	4	13	1	2017/4/21 20:51		2017/4/22 8:21	3234	0	50	6314
146	10317749	98412795	西门乄盈青★	146104	0	2	3	2	1	2017/4/21 22:38		2017/4/21 22:39	86	0	0	3200
146	10317776	98412952	花落航湃灬	146001	0	1	4	27	1	2017/4/21 22:50		2017/4/21 23:51	3636	0	106	26152
146	10317818	98413147	梦见了疯狂	146104	0	1	5	10	1	2017/4/21 23:09		2017/4/21 23:25	955	0	50	7163
146	10317885	98413489	飞雪骄鸥	146104	0	1	4	40	1	2017/4/21 23:49		2017/4/22 16:04	9389	0	100	52185
146	10317909	98413615	萧天韩月	146104	0	1	4	12	1	2017/4/21 23:59		2017/4/22 0:37	1136	0	80	8433
146	10317972	98413854	南门成仁★	146104	0	1	1	49	1	2017/4/22 0:34		2017/4/22 9:20	9470	20	50	400782
146	10318207	98415559	紫婷紫伊	146104	0	2	3	45	1	2017/4/22 5:46		2017/4/27 9:15	11206	0	140	179902
146	10318294	98415932	佩雲乄羽溪灬	146104	0	2	3	44	1	2017/4/22 7:03		2017/4/22 19:28	10297	0	50	107537
146	10318301	98415954	丿凡轩业成★	146104	0	1	4	4	1	2017/4/22 7:08		2017/4/22 7:20	507	0	0	12452
146	10318320	98416006	★宝贝賢安	146104	0	2	5	15	1	2017/4/22 7:18		2017/4/22 8:07	2949	0	0	12308
146	10318445	98416415	流云乄邪俊★	146002	0	1	5	81	1	2017/4/22 8:11		2017/5/21 12:44	17887	0	970	6010446
146	10318500	98352591	奈良辰吉	146005	0	1	1	2	1	2017/4/22 8:35		2017/4/22 8:38	93	0	0	3200
146	10318549	98416859	寒月苏语	146104	0	2	3	15	1	2017/4/22 8:54		2017/4/22 9:58	3696	0	50	16854
146	10318640	98417268	雲煙书汉灬	146104	0	1	5	15	1	2017/4/22 9:29		2017/4/22 11:08	5838	0	50	2614
146	10318943	98418338	司梦南	146001	0	1	4	5	1	2017/4/22 11:01		2017/4/22 11:08	371	0	0	6783
146	10319055	98418804	落辰吟妙	146104	0	2	3	26	1	2017/4/22 11:42		2017/4/29 20:58	21336	0	100	32171
146	10319219	98419476	充电宝、	146104	0	1	4	6	1	2017/4/22 12:38		2017/4/22 12:46	439	0	0	6005
146	10319292	98419796	和颂丨官羽	146104	0	1	1	3	1	2017/4/22 12:59		2017/4/22 13:02	177	0	0	5199
146	10319339	98420057	诺嘉晴戎つ	146104	0	1	4	8	1	2017/4/22 13:23		2017/4/22 13:36	746	0	0	15643
146	10319388	98411332	浮华乄潇曼	146005	0	2	2	12	1	2017/4/22 13:37		2017/4/28 20:46	5896	0	50	2772
146	10319526	98420798	冷漠莉馨丶	146104	0	2	2	9	1	2017/4/22 14:25		2017/4/22 14:55	1845	0	50	5393
146	10319718	98410791	弑榊の教白丶	146075	0	1	4	1	1	2017/4/22 15:26		2017/4/22 15:27	66	0	0	0
146	10319958	98422551	情望连城	146104	0	2	2	6	1	2017/4/22 16:47		2017/4/22 17:00	753	0	50	11096
146	10319965	98422587	光誉宗贞丶	146101	0	1	5	2	2	2017/4/22 16:49	2017/4/22 16:52	2017/4/22 16:50	79	0	0	3200
146	10319978	98422587	寒晓沫荧	146101	0	2	3	8	1	2017/4/22 16:53		2017/4/22 17:04	646	0	0	10942
146	10320079	98423169	少年狂龍	146104	0	1	4	33	1	2017/4/22 17:32		2017/4/22 19:13	6080	0	170	17471
146	10320083	98423192	晴夕の洺平	146104	0	2	3	14	1	2017/4/22 17:32		2017/4/22 18:12	2383	0	0	16073
146	10320201	98423673	浪的旭暝灬	146101	0	1	4	68	1	2017/4/22 18:13		2017/4/24 10:26	15860	318	1582	275078
146	10320236	98423773	丿楚薇凌依	146104	0	2	2	15	1	2017/4/22 18:20		2017/4/22 18:50	1723	0	0	3340
146	10320237	98423835	丿幽兰睿疾	146104	0	1	1	21	1	2017/4/22 18:20		2017/4/22 21:43	3339	0	0	20895
146	10320328	98423835	雄霸诺丽	146104	0	2	2	4	1	2017/4/22 18:37		2017/4/22 18:43	356	0	0	12185
146	10320336	98424108	云艾程健	146098	0	1	1	14	1	2017/4/22 18:41		2017/4/30 20:23	2399	0	50	4024
146	10320376	98424258	铭初丨吉忠	146104	0	1	1	4	1	2017/4/22 18:53		2017/4/22 19:01	447	0	0	7347
146	10320432	98424469	与你逍遥	146104	0	1	4	25	1	2017/4/22 19:12		2017/4/22 20:08	3134	0	100	6953
146	10320495	98424669	紫星冥雨	146104	0	2	5	8	1	2017/4/22 19:30		2017/4/22 19:44	868	0	0	5680
146	10320585	98425007	歌慧茵静★	146104	0	2	2	6	1	2017/4/22 19:57		2017/4/22 20:05	490	0	0	6208
146	10320708	98425529	雪花丨心兮	146075	0	2	3	4	1	2017/4/22 20:41		2017/4/22 20:47	370	0	0	12902
146	10320749	98425529	清婉云仙	146040	0	2	3	20	1	2017/4/22 20:52		2017/4/23 19:38	3106	0	150	21422
146	10320796	98425875	歌婧和逸	146104	0	2	2	25	1	2017/4/22 21:13		2017/4/22 22:13	3411	0	50	30175
146	10320814	98425939	丿寒策百骄	146002	0	1	1	10	1	2017/4/22 21:20		2017/4/22 21:51	1870	0	0	7665
146	10320854	98415950	亡灵烟无	146002	0	1	1	1	1	2017/4/22 21:32		2017/4/22 21:34	140	0	0	0
146	10320875	98415950	傲视放何	146002	0	1	1	3	1	2017/4/22 21:38		2017/4/22 21:42	227	0	0	5109
146	10320944	98426237	莲慧楠妍★	146104	0	2	2	1	1	2017/4/22 21:52		2017/4/22 21:55	140	0	0	7000
146	10320949	98426256	奈何凉薄	146104	0	2	3	14	1	2017/4/22 21:56		2017/5/7 2:28	2286	0	125	12204
146	10320987	98425939	敦缘流云	146001	0	1	1	4	1	2017/4/22 22:09		2017/4/22 22:13	250	0	0	2161
146	10321128	98426980	王天宏	146104	0	2	3	9	1	2017/4/22 23:10		2017/4/22 23:25	935	0	0	5183
146	10321152	76875895	玄霄℡	146104	0	1	4	4	1	2017/4/22 23:24		2017/4/22 23:27	215	0	50	7197
146	10321185	98426980	王天宝	146104	0	1	4	10	1	2017/4/22 23:37		2017/4/22 23:56	1091	0	0	14834
146	10321214	98427358	九方月玉	146104	0	2	3	46	1	2017/4/22 23:52		2017/4/25 9:56	6919	0	93	186980
146	10321224	98427381	冷酷悦衍	146104	0	1	5	4	1	2017/4/22 23:56		2017/4/23 0:01	297	0	125	2155
146	10321267	98427613	古月铭坚	146104	0	1	4	44	1	2017/4/23 0:25		2017/5/12 22:17	7510	0	392	83880
146	10321322	98428310	大长腿mm	146104	0	2	3	1	1	2017/4/23 2:22		2017/4/23 2:23	21	0	0	0
146	10321421	98429355	幻影丨然炼	146104	0	1	1	12	1	2017/4/23 6:52		2017/4/23 7:22	1819	0	50	8776
146	10321528	98429736	悲翔毅冷	146104	0	1	1	1	1	2017/4/23 7:58		2017/4/23 8:02	240	0	0	7000
146	10321578	98385590	冰之陌心	146062	0	2	3	32	1	2017/4/23 8:18		2017/4/24 19:43	4721	0	140	38539
146	10321683	98430203	丿洺雪幽玉★	146104	0	2	3	43	1	2017/4/23 9:00		2017/4/23 11:03	4621	0	150	65915
146	10321815	98430539	袁天乐	146104	0	2	3	37	1	2017/4/23 9:40		2017/4/23 10:58	4655	0	175	25871
146	10321870	98430657	霸王丨尘丽灬	146104	0	2	2	11	1	2017/4/23 9:54		2017/4/23 11:57	2176	0	0	14668
146	10322013	98431002	傲雪龍泽	146104	0	1	1	1	1	2017/4/23 10:31		2017/4/23 10:41	50	0	0	0
146	10322043	98431002	无情秋生	146104	0	1	1	1	1	2017/4/23 10:36		2017/4/23 10:36	9	0	0	0
146	10322048	98431031	东荒神君	146104	0	1	5	4	1	2017/4/23 10:37		2017/4/23 10:54	1013	0	50	7176
146	10322119	98431216	凌采乄忆依丶	146005	0	2	3	66	1	2017/4/23 10:55		2017/4/25 17:56	13996	0	648	1442690
146	10322216	98430539	沧海婉冰	146104	0	1	4	4	1	2017/4/23 11:11		2017/4/23 11:20	542	0	0	12904
146	10322530	98432124	飞雷翔天	146075	0	1	4	50	1	2017/4/23 12:28		2017/4/23 14:48	8365	0	160	404241
146	10322545	98432177	浅笑凤尚	146001	0	1	5	2	1	2017/4/23 12:33		2017/4/23 12:34	49	0	0	3200
146	10322548	98432131	丿乐兰妃风	146104	0	2	2	53	1	2017/4/23 12:33		2017/4/23 21:16	12442	0	30	208428
146	10322726	98432714	冰心疾舒つ	146104	0	1	1	2	1	2017/4/23 13:26		2017/4/23 14:01	729	0	50	3200
146	10323137	98433970	木辉普伯	146104	0	1	1	1	1	2017/4/23 15:33		2017/4/23 15:43	139	0	0	7000
146	10323218	98434200	上官美诗	146005	0	2	3	3	2	2017/4/23 15:56	2017/4/23 15:59	2017/4/23 15:58	131	0	0	100
146	10323235	98434200	陆林诗	146005	0	2	2	16	1	2017/4/23 16:00		2017/4/23 16:39	2295	0	0	8809
146	10323464	98364098	战神进堂灬	146005	0	1	5	2	1	2017/4/23 17:30		2017/4/23 17:31	67	0	0	3200
146	10323586	98435649	浮譁慈丽★	146104	0	1	1	2	1	2017/4/23 18:04		2017/4/23 18:31	1185	0	0	3200
146	10323621	98435745	半世济誉つ	146104	0	1	1	4	2	2017/4/23 18:13	2017/4/25 19:43	2017/4/23 18:38	847	0	0	12574
146	10323700	98436010	诺嘉の兴晰	146104	0	1	4	72	1	2017/4/23 18:38		2017/5/2 14:41	23867	0	50	535806
146	10323839	98436529	新游戏好玩不	146104	0	2	3	94	1	2017/4/23 19:24		2017/5/10 10:29	192247	108	10	909528
146	10323941	98437055	月影幽宛	146104	0	2	3	12	1	2017/4/23 20:13		2017/4/23 20:39	1577	0	0	19502
146	10324039	98437443	东阳歌云つ	146104	0	1	4	52	1	2017/4/23 20:48		2017/4/24 20:41	9895	0	60	177000
146	10324055	98437516	天剑无踪	146104	0	1	4	6	1	2017/4/23 20:53		2017/4/24 14:02	983	0	0	11027
146	10324253	98439017	辰慧苑菲★	146104	0	2	3	4	1	2017/4/23 23:10		2017/4/30 12:27	989	0	0	12702
146	10324277	87214301	羽？	146062	0	2	5	6	1	2017/4/23 23:29		2017/4/23 23:34	311	0	50	1355
146	10324303	98439293	凤遥の痴炼	146104	0	1	4	8	1	2017/4/23 23:48		2017/4/24 0:04	961	0	0	15611
146	10324478	98439771	美兰沁夕	146104	0	2	3	44	1	2017/4/24 1:52		2017/4/27 23:37	8944	60	435	30958
146	10324530	98439986	雪舞莹华	146104	0	2	3	46	1	2017/4/24 3:48		2017/4/24 14:40	17066	0	300	201852
146	10324563	98438270	冰雪飘莲	146104	0	2	3	1	1	2017/4/24 6:34		2017/4/24 6:35	68	0	0	0
146	10324631	98439771	兰婧洺雨★	146104	0	2	2	11	1	2017/4/24 9:56		2017/4/24 10:32	2156	60	100	14387
146	10324674	98440966	天域烈火	146104	0	1	4	4	1	2017/4/24 10:39		2017/4/24 10:50	641	0	0	12389
146	10324689	98441035	孤美适祖	146104	0	1	5	4	1	2017/4/24 10:54		2017/4/24 10:58	285	0	0	12374
146	10324690	98440966	凯康帆邑	146104	0	1	4	7	1	2017/4/24 10:54		2017/4/24 11:28	2060	0	0	15636
146	10324758	98388122	看啥呢	146001	0	1	4	1	1	2017/4/24 11:43		2017/4/24 11:49	337	0	0	0
146	10324844	98441357	妖妖梦羽	146005	0	2	3	3	1	2017/4/24 12:42		2017/4/24 12:47	340	0	50	9100
146	10324871	98441390	阿乐哥哥、	146001	0	1	4	28	1	2017/4/24 13:01		2017/4/24 19:43	2365	0	100	43849
146	10325054	98442411	剑宗玄	146104	0	1	4	3	1	2017/4/24 15:19		2017/4/24 15:24	314	0	0	5100
146	10325071	92505077	火舞琳易	146001	0	2	5	13	1	2017/4/24 15:31		2017/4/24 23:11	2723	0	50	12053
146	10325095	98442561	兮荷丶	146104	0	2	5	4	1	2017/4/24 15:51		2017/4/24 15:54	139	0	0	2149
146	10325198	98382492	追命悦盛★	146103	0	1	1	74	2	2017/4/24 16:52	2017/5/4 7:14	2017/4/30 16:06	25657	115	830	580763
146	10325202	98442883	丿剑承焚刚	146104	0	1	5	9	1	2017/4/24 16:53		2017/4/24 17:09	958	0	0	13049
146	10325203	98442888	幽雨乄清涵	146104	0	1	4	9	1	2017/4/24 16:53		2017/4/24 17:20	1405	0	50	5101
146	10325227	98442974	丿梦辉沉理灬	146104	0	1	5	4	1	2017/4/24 17:09		2017/4/24 17:15	383	0	0	12164
146	10325252	98442888	芳韵丨仙清	146005	0	1	4	1	1	2017/4/24 17:22		2017/4/24 17:22	23	0	0	0
146	10325431	98441390	此生不醒的梦	146001	0	1	5	4	2	2017/4/24 19:02	2017/4/24 20:30	2017/4/24 19:05	213	0	0	13099
146	10325433	98443628	尘弘达帆★	146104	0	1	4	7	1	2017/4/24 19:03		2017/4/24 19:14	661	0	0	14723
146	10325455	98441390	哥的传说、	146001	0	1	1	76	1	2017/4/24 19:12		2017/4/30 18:55	14850	0	925	735034
146	10325476	98443743	勇者之魂	146005	0	1	4	8	1	2017/4/24 19:24		2017/4/24 20:37	1280	0	0	5673
146	10325477	98435745	美兰谦美灬	146104	0	2	3	11	2	2017/4/24 19:25	2017/4/25 19:09	2017/4/25 18:48	2485	0	0	14378
146	10325493	98443743	★车涵俊浩	146005	0	1	5	4	1	2017/4/24 19:33		2017/4/24 19:46	759	0	0	13035
146	10325515	98435745	★尘逸志轩	146104	0	2	2	3	2	2017/4/24 19:41	2017/4/29 8:50	2017/4/24 19:45	250	0	0	5196
146	10325649	98444209	幽蘭沧温	146001	0	1	4	50	1	2017/4/24 20:28		2017/5/1 15:45	10955	0	255	40588
146	10325675	98441390	天亮以后	146001	0	2	2	6	1	2017/4/24 20:36		2017/4/24 20:40	236	0	0	1452
146	10325709	98444382	慧文宜畅	146104	0	2	3	10	1	2017/4/24 20:56		2017/4/25 10:24	948	0	0	7480
146	10326060	98445668	尹の千殇	146104	0	1	1	8	1	2017/4/25 0:51		2017/4/25 0:59	485	0	50	5632
146	10326148	94637303	轻疯丷	146101	0	2	5	33	1	2017/4/25 3:29		2017/4/25 4:38	4128	0	186	18400
146	10326302	98446998	duongvip	146101	0	1	4	2	2	2017/4/25 9:26	2017/4/27 13:34	2017/4/27 9:28	133	0	0	3200
146	10326304	98447008	朝仙无涯	146104	0	1	1	47	1	2017/4/25 9:30		2017/4/30 19:17	6727	0	369	376857
146	10326359	98438270	白衣翩翩归？	146105	0	2	2	18	1	2017/4/25 10:12		2017/4/25 10:42	1588	0	50	4384
146	10326452	98447777	莲婧婉兮	146092	0	2	3	1	1	2017/4/25 10:59		2017/4/25 11:01	97	0	0	0
146	10326480	98447974	丿葬一世情缘	146101	0	1	4	93	1	2017/4/25 11:25		2017/5/5 1:25	140476	7	110	7628720
146	10326605	98445668	尹灬千殇	146105	0	1	4	15	1	2017/4/25 12:41		2017/4/25 13:13	1902	0	150	16061
146	10326649	98445668	百草灬归云	146105	0	2	2	67	1	2017/4/25 13:15		2017/4/27 8:23	96626	38	938	1967367
146	10326759	98449571	菰煋の风吉	146105	0	1	1	1	1	2017/4/25 14:01		2017/4/25 14:04	126	0	0	0
146	10327040	98451029	方雨の太可	146105	0	1	4	23	1	2017/4/25 16:55		2017/5/2 1:23	6770	0	260	21044
146	10327246	98447008	浮咏艺盈丶	146104	0	1	5	8	1	2017/4/25 18:37		2017/4/25 18:49	761	0	0	10737
146	10327307	98435745	★琳欣炫萍灬	146104	0	2	3	11	1	2017/4/25 19:10		2017/4/25 19:39	1754	0	0	14309
146	10327377	98452563	斩痕棋翔つ	146105	0	1	1	14	1	2017/4/25 19:43		2017/4/26 1:40	3816	0	160	25042
146	10327378	98435745	浩星天渺	146104	0	1	4	4	1	2017/4/25 19:43		2017/4/25 19:48	273	0	0	2221
146	10327613	98453688	嘉峰彭启	146105	0	1	4	18	1	2017/4/25 21:24		2017/4/25 22:07	2608	0	150	2817
146	10327726	98453688	晋阁教佳	146105	0	1	5	6	1	2017/4/25 22:08		2017/4/25 22:23	916	0	50	1299
146	10327729	98454129	苏慧晓素	146105	0	2	3	54	1	2017/4/25 22:10		2017/5/13 7:21	8974	0	790	36630
146	10327744	98453688	专属の苏映つ	146104	0	2	3	53	1	2017/4/25 22:24		2017/5/9 11:03	10285	0	479	317426
146	10327825	98454710	欧阳瑾寒	146105	0	1	5	22	1	2017/4/25 23:20		2017/4/26 9:25	4812	0	100	26822
146	10327838	98454859	龙丘乄仁津丶	146105	0	1	5	73	1	2017/4/25 23:34		2017/5/2 19:10	22918	58	1137	1011217
146	10327891	98455091	落薇妙唯	146105	0	2	3	40	1	2017/4/26 0:07		2017/4/27 9:19	6189	0	200	60907
146	10327968	98445066	凡辰沫柔丶	146104	0	2	3	4	2	2017/4/26 0:56	2017/5/4 14:53	2017/4/26 1:01	291	0	0	12805
146	10328328	98453688	冠亭过客	146104	0	1	1	12	1	2017/4/26 8:05		2017/4/28 11:10	1226	0	150	20341
146	10328459	98456935	尨城储凤	146105	0	1	5	62	1	2017/4/26 10:30		2017/4/27 19:03	60910	0	371	249657
146	10328494	98457031	聊无梦	146090	0	1	4	25	1	2017/4/26 10:59		2017/4/26 11:54	3042	60	88	31108
146	10328528	98457057	断魂方和	146092	0	1	1	1	2	2017/4/26 11:45	2017/4/26 11:49	2017/4/26 11:45	33	0	0	0
146	10328658	98457632	逍遥他baba	146105	0	1	4	12	1	2017/4/26 13:22		2017/4/26 14:01	2330	0	50	19315
146	10328730	98457956	雷成格钧	146105	0	1	4	10	1	2017/4/26 14:47		2017/4/26 15:57	2065	0	20	7450
146	10328960	98344292	﹏踏雪无痕╰	146105	0	1	5	78	1	2017/4/26 17:22		2017/4/28 23:35	38004	155	191	2486408
146	10329026	80291663	七月夜雨	146002	0	1	4	6	1	2017/4/26 17:54		2017/4/26 18:01	433	0	20	11089
146	10329031	98458803	焚程自由	146105	0	1	4	35	1	2017/4/26 17:58		2017/4/27 17:22	6092	0	200	25465
146	10329032	98458798	轻舞依唯	146105	0	2	2	1	1	2017/4/26 17:59		2017/4/26 17:59	10	0	0	0
146	10329041	98458798	花落语寒	146002	0	2	2	6	1	2017/4/26 18:07		2017/4/26 18:13	373	0	0	1485
146	10329058	98458798	★萧诗诗	146104	0	2	3	3	1	2017/4/26 18:17		2017/4/26 18:26	546	0	0	5100
146	10329130	98459002	闇殺の夜灬姬	146104	0	2	2	1	2	2017/4/26 18:56	2017/4/26 19:03	2017/4/26 19:00	232	0	0	7000
146	10329162	98459002	闇夜の殺灬姬	146099	0	2	2	14	1	2017/4/26 19:08		2017/4/27 3:11	2615	0	50	25188
146	10329203	98459253	★翠文威湃	146005	0	1	1	1	1	2017/4/26 19:25		2017/4/26 19:28	167	0	0	0
146	10329412	98398240	洛弦泽珠	146104	0	2	5	14	1	2017/4/26 21:03		2017/4/26 21:16	796	11	50	9987
146	10329435	98424108	丿艾凡夏鸣	146098	0	1	1	25	1	2017/4/26 21:17		2017/4/26 22:09	3070	0	300	8853
146	10329759	98461336	何人共与醉????	146105	0	1	5	15	1	2017/4/27 2:04		2017/4/27 2:27	1392	0	20	3166
146	10330038	98461823	★缘承夏实	146105	0	1	4	17	1	2017/4/27 8:21		2017/4/27 13:55	1570	0	50	5817
146	10330438	98458803	至尊羽晨	146105	0	1	5	1	1	2017/4/27 12:17		2017/4/27 12:24	373	0	0	7000
146	10330453	98462470	亡灵乄战东	146105	0	1	5	35	1	2017/4/27 12:26		2017/4/28 11:57	5800	0	17	27282
146	10330492	60051334	天道丨黛芝灬	146105	0	2	2	2	1	2017/4/27 12:43		2017/4/27 22:12	228	0	50	3200
146	10330507	98462485	一叶扁舟渡生	146105	0	1	4	43	1	2017/4/27 12:49		2017/4/27 15:41	8473	0	180	117294
146	10330548	98462604	峰赫丨望飞	146105	0	1	4	2	1	2017/4/27 13:10		2017/4/27 13:24	846	0	0	3200
146	10330598	98462686	duongvippk	146101	0	1	4	14	1	2017/4/27 13:38		2017/4/27 17:34	2224	0	0	12210
146	10330630	98462801	鸿才定振	146105	0	1	4	48	1	2017/4/27 14:10		2017/4/28 20:28	17002	0	30	80298
146	10330753	98463113	lllll	146105	0	2	2	7	1	2017/4/27 15:45		2017/4/27 16:00	903	0	49	14952
146	10330883	98463402	冰凌丨育琢	146105	0	1	4	6	1	2017/4/27 17:00		2017/4/27 17:24	511	0	0	1224
146	10330914	98463432	平轩魂文	146105	0	1	4	6	1	2017/4/27 17:09		2017/4/27 17:18	527	0	75	11136
146	10330969	98462470	★普弘果全★	146105	0	1	4	77	1	2017/4/27 17:31		2017/5/7 16:34	30265	0	737	3933619
146	10331211	98382492	独孤浩南	146101	0	1	1	14	1	2017/4/27 19:09		2017/4/27 22:12	1372	60	258	16744
146	10331321	98464212	艾凡贞贞	146105	0	1	1	25	1	2017/4/27 19:56		2017/4/27 21:04	3959	0	175	15282
146	10331353	98464278	萧轩裕容	146105	0	1	1	2	1	2017/4/27 20:09		2017/4/27 20:13	230	0	0	3200
146	10331516	98464542	兰苏莹夏	146002	0	2	3	1	1	2017/4/27 20:55		2017/4/27 20:59	234	0	0	0
146	10331556	98341401	泽米基斯玖蕴	146097	0	2	3	10	1	2017/4/27 21:01		2017/4/27 21:23	1323	0	50	15040
146	10331609	98436529	冰夜归修	146104	0	1	1	94	1	2017/4/27 21:09		2017/5/10 20:31	104035	122	120	10371554
146	10331784	98464775	傲天乄美旋	146105	0	2	3	10	1	2017/4/27 21:30		2017/4/27 21:44	846	0	0	7162
146	10331786	98464774	yurkyo	146105	0	2	5	4	1	2017/4/27 21:30		2017/4/27 21:36	338	0	0	2182
146	10331861	98464832	颩雲宜军	146105	0	1	5	2	1	2017/4/27 21:40		2017/4/27 21:42	118	0	0	3200
146	10331920	98344292	踏雪无痕丶隠	146105	0	1	4	1	1	2017/4/27 21:46		2017/4/27 21:49	155	128	50	7000
146	10331935	98464852	秋殇？别恋	146101	0	2	2	1	1	2017/4/27 21:48		2017/4/27 21:53	300	0	0	0
146	10332126	98382492	绝神の笛凯	146105	0	1	1	50	1	2017/4/27 22:13		2017/4/28 16:13	19916	7	0	161116
146	10332134	60051334	千弦乄依	146104	0	2	2	4	1	2017/4/27 22:14		2017/4/27 22:19	174	0	400	2182
146	10332157	98465125	关龙古舟灬	146105	0	1	4	1	1	2017/4/27 22:17		2017/4/27 22:17	33	0	0	0
146	10332168	98465125	演绎轮回、	146105	0	1	4	76	1	2017/4/27 22:19		2017/5/2 14:47	95642	1	540	2144155
146	10332278	98464832	飞龙致正	146105	0	1	4	7	1	2017/4/27 22:34		2017/4/28 13:39	969	0	0	15055
146	10332958	98466009	断魂乄庄寻	146103	0	1	1	1	1	2017/4/28 1:01		2017/4/28 1:04	179	0	0	7000
146	10333113	98466202	月眉兒	146105	0	2	2	7	1	2017/4/28 2:13		2017/4/29 1:13	1238	0	0	7030
146	10333418	98466515	巅峯怀敏	146105	0	1	5	12	1	2017/4/28 6:16		2017/4/28 6:33	1007	0	0	2052
146	10333555	98466569	just4u	146105	0	1	1	4	1	2017/4/28 7:25		2017/4/28 7:29	248	0	0	12349
146	10333597	98466687	断魂乄英发	146105	0	1	4	4	1	2017/4/28 7:48		2017/4/28 7:58	598	0	50	12174
146	10333765	98466891	锋城の贤泽つ	146002	0	1	4	6	1	2017/4/28 9:08		2017/4/28 9:14	371	0	50	11124
146	10333872	98467029	西心润	146105	0	1	4	12	1	2017/4/28 9:55		2017/4/28 10:28	1896	0	50	9189
146	10333899	98467079	从南到北是你	146105	0	1	5	15	1	2017/4/28 10:09		2017/4/28 11:32	4774	0	50	21952
146	10333941	98467131	云歌啸漫	146005	0	1	1	8	1	2017/4/28 10:25		2017/4/28 15:33	2515	0	0	6989
146	10334078	98467322	laode	146105	0	1	4	14	1	2017/4/28 11:14		2017/4/28 12:23	1971	0	80	12269
146	10334789	98468063	寒洛倩冰つ	146105	0	2	5	8	1	2017/4/28 14:12		2017/5/1 10:36	902	0	0	5476
146	10334887	98454710	捷影	146105	0	2	3	68	1	2017/4/28 14:34		2017/5/3 10:20	19692	0	1120	1903075
146	10335147	98467131	九辰荣南	146002	0	1	1	10	1	2017/4/28 15:35		2017/4/28 16:45	3880	0	0	9532
146	10335276	98468561	小迷妹	146105	0	2	3	16	1	2017/4/28 16:05		2017/4/28 16:31	1548	0	20	22783
146	10335434	98468720	落花明旭灬	146105	0	1	1	10	2	2017/4/28 16:39	2017/4/28 21:32	2017/4/28 16:54	897	0	0	3099
146	10335531	98468720	流年亦雪	146105	0	2	5	43	1	2017/4/28 16:57		2017/4/29 21:41	7551	0	150	7986
146	10335732	98468958	传说庆笑	146105	0	1	5	17	1	2017/4/28 17:32		2017/4/28 18:04	1901	0	80	5550
146	10335973	98469199	殘陽丨格容	146105	0	1	4	4	1	2017/4/28 18:12		2017/4/28 18:16	241	0	0	2152
146	10336328	98464278	高诺进邦灬	146001	0	1	1	14	1	2017/4/28 19:00		2017/4/28 19:57	2481	0	0	17335
146	10336560	98469650	彩云至尊	146105	0	1	4	4	1	2017/4/28 19:30		2017/4/28 19:35	259	0	0	7155
146	10336602	98469650	彩云至尊王。	146105	0	1	5	2	1	2017/4/28 19:36		2017/4/28 19:37	48	0	0	3200
146	10336665	98469731	欧阳の夏丹	146105	0	2	2	66	2	2017/4/28 19:44	2017/5/7 8:58	2017/4/29 0:05	13747	8	573	248949
146	10337355	98411332	一下相信你	146005	0	2	2	1	1	2017/4/28 20:57		2017/4/28 21:00	171	0	0	7000
146	10337368	98470274	倪大哥	146105	0	1	4	37	1	2017/4/28 20:59		2017/4/29 22:31	18229	0	20	52345
146	10337790	98470771	叶落祥彬丶	146105	0	1	1	11	1	2017/4/28 21:52		2017/4/29 10:02	1963	0	50	14441
146	10337801	98470772	丿城羽千万	146105	0	1	5	15	1	2017/4/28 21:54		2017/4/29 0:00	2660	0	0	2989
146	10338329	98469731	欧阳？夏丹	146105	0	2	2	7	2	2017/4/28 23:38	2017/5/4 12:46	2017/4/28 23:46	518	8	48	15170
146	10338534	98472126	祖钧の萢萢★	146105	0	1	5	8	1	2017/4/29 0:33		2017/4/29 0:42	537	0	50	5528
146	10338816	98473468	焚碧佳建	146105	0	1	1	51	1	2017/4/29 3:58		2017/4/29 6:34	9351	0	110	45833
146	10338844	98473648	妍雅莹蔓	146105	0	2	5	30	1	2017/4/29 4:26		2017/4/29 5:35	4091	0	130	23354
146	10338927	98473648	灵宛明音つ	146105	0	2	3	8	1	2017/4/29 5:36		2017/4/29 5:46	599	0	0	10899
146	10338936	98473648	阳勇策庆	146104	0	1	1	6	1	2017/4/29 5:47		2017/4/29 5:53	385	0	0	5977
146	10339036	98474453	洛夜晨落	146105	0	1	4	1	1	2017/4/29 6:43		2017/4/29 6:45	99	0	0	0
146	10339058	98474515	芳婉莉芯	146002	0	2	5	46	1	2017/4/29 6:58		2017/4/29 10:14	8570	0	40	256273
146	10339080	98474572	毁灭怀俊	146105	0	1	4	3	1	2017/4/29 7:08		2017/4/29 7:35	1622	0	50	1096
146	10339270	98474627	傲雪碧玺	146001	0	1	1	19	1	2017/4/29 8:19		2017/4/30 10:19	4163	0	0	21624
146	10339348	98435649	允臣靖靖	146001	0	1	5	10	2	2017/4/29 8:39	2017/4/29 11:42	2017/4/29 11:38	4803	0	0	7540
146	10339386	98435745	玉石儿	146104	0	2	3	10	1	2017/4/29 8:52		2017/4/29 9:22	1760	0	100	7543
146	10339430	98475298	★幽冥滨尚	146105	0	1	4	61	1	2017/4/29 9:04		2017/5/1 11:14	42701	0	276	187567
146	10339449	98475390	云菲丨依辰丶	146105	0	2	2	54	1	2017/4/29 9:16		2017/5/2 23:34	8489	0	520	153965
146	10339590	98470771	★皇甫鸣祥	146105	0	1	4	8	1	2017/4/29 10:04		2017/4/29 10:33	1751	0	0	5063
146	10339612	98475930	飄逸千紫	146106	0	1	5	14	1	2017/4/29 10:13		2017/4/29 10:29	977	0	40	10213
146	10339734	98473648	流水逸轩	146104	0	2	2	6	1	2017/4/29 10:56		2017/4/29 11:06	622	0	150	11333
146	10339766	98473648	霸王丨彭旋★	146105	0	1	1	45	1	2017/4/29 11:07		2017/4/29 12:44	5796	0	230	192021
146	10339840	98476588	枕边的辉煌	146106	0	1	5	6	1	2017/4/29 11:23		2017/4/29 11:38	884	0	0	11131
146	10339860	98476694	逍遙愉柠	146106	0	1	1	5	1	2017/4/29 11:33		2017/4/29 13:40	568	0	0	6922
146	10339885	98435649	★菲浩仙羽つ	146001	0	1	5	2	1	2017/4/29 11:42		2017/4/29 12:04	346	0	0	7209
146	10339929	98476935	悠然心唯つ	146106	0	2	3	15	1	2017/4/29 11:58		2017/4/29 12:42	2536	0	75	22177
146	10340047	98477398	忌枫飞伊	146106	0	1	1	34	1	2017/4/29 12:43		2017/4/29 19:42	4870	0	225	20925
146	10340150	98477644	梦辰柠琦	146005	0	2	5	70	1	2017/4/29 13:09		2017/5/5 21:26	16684	0	119	2286175
146	10340174	98477669	戎马关山北。	146106	0	2	5	11	1	2017/4/29 13:14		2017/4/29 13:32	1050	0	40	4230
146	10340184	98477733	血色苑音	146106	0	2	2	11	1	2017/4/29 13:19		2017/4/29 13:39	1206	0	0	4493
146	10340263	98477925	皇族寒靖	146106	0	1	5	6	1	2017/4/29 13:46		2017/4/29 13:52	386	0	50	1202
146	10340267	98467131	美辰诺俊	146002	0	1	4	8	1	2017/4/29 13:46		2017/4/29 14:12	1591	0	0	10919
146	10340276	98477956	圣天战龙	146106	0	1	5	45	1	2017/4/29 13:50		2017/4/29 16:36	8700	0	320	135452
146	10340304	98478035	丿古月祖果	146106	0	1	5	53	1	2017/4/29 13:56		2017/5/1 12:25	12404	0	0	39392
146	10340392	98478270	韵幽吉奥	146098	0	1	1	11	1	2017/4/29 14:25		2017/4/29 14:51	1537	0	0	4607
146	10340408	98478295	紫云苑莉	146106	0	2	2	31	1	2017/4/29 14:29		2017/5/6 16:13	12368	0	103	48822
146	10340537	98467079	渺渺つ盼兮	146106	0	1	4	3	2	2017/4/29 15:02	2017/4/29 15:06	2017/4/29 15:05	188	0	0	9100
146	10340553	98478597	火舞妹语丶	146106	0	2	3	1	1	2017/4/29 15:07		2017/4/29 15:07	40	0	0	7000
146	10340581	98467079	朝暮つ执兮	146106	0	1	4	37	1	2017/4/29 15:15		2017/4/29 16:50	5265	0	100	31318
146	10340717	98479000	小凡zx	146005	0	1	4	11	1	2017/4/29 15:59		2017/4/30 16:10	919	0	100	14434
146	10340725	98479021	安雨悲日	146106	0	1	4	13	1	2017/4/29 16:01		2017/4/30 11:02	1618	0	0	7707
146	10340828	98479268	兴朝储学	146106	0	1	1	18	1	2017/4/29 16:28		2017/4/29 19:04	4071	0	40	4568
146	10340835	98479291	tk~童话	146077	0	1	5	5	1	2017/4/29 16:31		2017/4/29 16:40	535	0	0	6527
146	10340850	98479313	洛弦艺淑	146002	0	2	3	1	1	2017/4/29 16:34		2017/4/29 16:34	25	0	0	0
146	10340860	98479313	圣莲浅曦	146002	0	2	3	17	1	2017/4/29 16:36		2017/4/29 20:08	3121	0	0	6113
146	10340877	98479371	★景幽咏少灬	146106	0	1	1	14	1	2017/4/29 16:41		2017/4/29 17:15	2055	0	0	12276
146	10340893	98479395	狂剑乄教白	146106	0	1	4	69	1	2017/4/29 16:43		2017/5/13 17:45	15545	0	1905	878600
146	10340974	98479632	碧雪灵琴	146002	0	2	3	9	1	2017/4/29 17:12		2017/4/29 17:26	830	0	0	5214
146	10340998	98479586	夜离忧	146106	0	1	4	15	1	2017/4/29 17:17		2017/4/29 17:53	2070	0	50	16604
146	10341095	98479913	轻狂书生1979	146106	0	1	1	57	1	2017/4/29 17:39		2017/4/29 23:07	15524	58	286	75384
146	10341254	98480330	浩然の沉章	146106	0	1	5	3	1	2017/4/29 18:21		2017/4/29 19:28	4014	0	0	5100
146	10341383	98480763	丿东梦莺悠	146106	0	2	3	14	1	2017/4/29 19:09		2017/4/29 19:41	1880	0	0	10227
146	10341432	98480911	音芬馨尘	146106	0	2	3	32	1	2017/4/29 19:28		2017/4/30 5:45	6405	0	100	47013
146	10341434	98480894	洋疾飞影	146098	0	1	4	6	1	2017/4/29 19:29		2017/4/29 19:47	1018	0	100	1414
146	10341508	98481179	清风秉沉★	146106	0	1	5	10	1	2017/4/29 19:55		2017/4/29 20:08	792	0	80	14798
146	10341545	98481263	莫忘楓湘	146101	0	2	5	15	1	2017/4/29 20:07		2017/5/2 17:38	3490	0	248	6597
146	10341857	98482255	高魂乄洲湃つ	146106	0	1	5	51	1	2017/4/29 21:34		2017/4/30 21:44	11093	58	51	73651
146	10341995	98475390	端木卿灵	146105	0	2	3	22	1	2017/4/29 22:15		2017/4/29 22:49	2022	0	90	21355
146	10342010	98482696	凤舞乄灭名	146106	0	1	4	10	1	2017/4/29 22:21		2017/4/29 22:50	1414	0	50	3295
146	10342011	98482751	逍遙乄仁乌	146106	0	1	1	9	1	2017/4/29 22:21		2017/4/29 22:35	823	0	0	4980
146	10342012	98482744	寒仙梦松	146105	0	2	3	7	1	2017/4/29 22:22		2017/5/13 13:46	4349	0	250	16424
146	10342013	98482758	风雪柠英灬	146106	0	2	3	3	1	2017/4/29 22:22		2017/4/30 8:31	1541	0	48	9140
146	10342101	98475390	寒笙沁月	146105	0	2	5	5	2	2017/4/29 22:52	2017/4/29 23:09	2017/4/29 23:08	968	0	0	6330
146	10342151	98483230	毀滅尧琳	146106	0	1	4	14	1	2017/4/29 23:11		2017/4/29 23:34	1341	0	50	10491
146	10342211	98483486	★kim	146106	0	1	4	4	1	2017/4/29 23:36		2017/4/29 23:44	479	0	0	13077
146	10342221	98483539	1stiiiii	146106	0	1	4	14	1	2017/4/29 23:41		2017/5/8 22:08	2005	0	253	19979
146	10342423	98469285	我三岁了哟丶	146001	0	2	2	27	1	2017/4/30 0:59		2017/4/30 13:11	3208	0	150	21654
146	10342555	98484256	馨云宁暖	146106	0	2	3	9	1	2017/4/30 1:54		2017/4/30 2:09	910	0	0	13160
146	10342566	98484296	广洲嘉兆	146106	0	1	4	8	1	2017/4/30 2:07		2017/4/30 3:33	4993	0	50	15842
146	10342568	98484306	miemie	146106	0	2	3	8	1	2017/4/30 2:11		2017/4/30 3:34	4999	0	175	15852
146	10342645	98480911	★逝水含萌灬	146105	0	2	2	8	1	2017/4/30 5:48		2017/4/30 5:59	656	0	0	15880
146	10342862	98469199	志候含尧	146106	0	1	4	10	1	2017/4/30 8:29		2017/4/30 8:46	741	0	50	14649
146	10342911	98485138	醉梦辰湃	146105	0	1	4	7	1	2017/4/30 8:56		2017/4/30 9:03	455	0	0	14874
146	10342977	98479268	染风仁车灬	146106	0	1	1	15	1	2017/4/30 9:25		2017/4/30 10:02	2254	0	30	2961
146	10343040	98485380	冷酷乄宏依★	146106	0	1	5	8	1	2017/4/30 9:46		2017/4/30 10:21	1060	0	0	5199
146	10343070	98478295	慕涵梦儿	146106	0	2	3	4	1	2017/4/30 9:58		2017/5/7 9:19	257	0	0	7158
146	10343085	98485473	丿风云怡莎	146106	0	2	2	75	1	2017/4/30 10:00		2017/5/21 15:47	22322	0	1718	3374951
146	10343316	98382492	诸葛――云儿	146103	0	2	3	81	1	2017/4/30 11:06		2017/5/8 22:40	43037	169	11	8234839
146	10343483	98486100	湳宮志尚	146106	0	1	4	11	1	2017/4/30 11:57		2017/4/30 12:18	1296	0	10	4292
146	10343492	98486126	倩音情凡つ	146106	0	2	3	55	1	2017/4/30 11:59		2017/5/14 9:37	7606	0	289	287105
146	10343536	98486207	幻影渺堂	146106	0	1	1	8	1	2017/4/30 12:08		2017/4/30 12:18	595	0	0	5274
146	10343638	98486486	兰若柠畅	146002	0	2	2	1	1	2017/4/30 12:42		2017/4/30 12:44	56	0	0	7000
146	10343735	98486708	茉莉雯春	146106	0	2	2	7	1	2017/4/30 13:15		2017/4/30 20:53	2554	0	0	14984
146	10343748	98486806	丿柏之钧羽灬	146106	0	1	1	3	2	2017/4/30 13:21	2017/4/30 16:17	2017/4/30 13:24	175	0	0	9100
146	10343776	98486861	浮祥飞铭	146106	0	1	4	10	1	2017/4/30 13:26		2017/4/30 13:47	1278	0	0	7480
146	10343785	98486806	弑神涵嘉	146106	0	2	3	54	1	2017/4/30 13:27		2017/5/6 23:31	15857	0	465	274123
146	10343862	98396141	红孩儿丶	146104	0	1	5	91	1	2017/4/30 13:46		2017/5/28 16:42	30905	72	1730	5388958
146	10343937	98487309	九改晨星	146106	0	2	3	25	1	2017/4/30 14:11		2017/4/30 17:35	7537	0	50	12310
146	10343966	98487387	孤泉书立	146106	0	1	1	10	1	2017/4/30 14:15		2017/5/1 18:17	4582	0	0	17515
146	10344160	98488045	雲慧怡琳	146040	0	2	3	58	1	2017/4/30 15:18		2017/5/3 13:08	13623	0	510	281849
146	10344321	98486126	旷世亦莲	146106	0	1	4	4	1	2017/4/30 15:59		2017/4/30 16:05	346	0	0	13099
146	10344332	98488434	夜舞雄国	146103	0	1	5	3	1	2017/4/30 16:02		2017/4/30 16:09	404	0	0	5100
146	10344410	98488486	★麒麟弘彤	146103	0	1	5	11	1	2017/4/30 16:27		2017/4/30 16:46	1126	0	155	14038
146	10344460	98486806	陆曦月	146106	0	2	2	1	1	2017/4/30 16:43		2017/4/30 16:44	68	0	0	7000
146	10344478	98488850	良辰晓富	146106	0	1	1	2	1	2017/4/30 16:48		2017/4/30 16:50	134	0	0	3200
146	10344691	98489508	雅柔乄卿惜	146106	0	2	3	1	1	2017/4/30 17:58		2017/4/30 17:58	44	0	0	7000
146	10344776	98489693	寒萧月	146106	0	2	3	11	1	2017/4/30 18:19		2017/4/30 21:26	1562	0	0	14360
146	10344799	98489771	霖雨林	146100	0	2	3	8	2	2017/4/30 18:25	2017/4/30 18:55	2017/4/30 18:53	1313	0	50	5164
146	10344801	98489717	七星魔龙	146001	0	1	5	4	1	2017/4/30 18:25		2017/4/30 18:31	354	0	0	12152
146	10344902	98490091	流星慧宝	146106	0	2	3	50	1	2017/4/30 18:56		2017/5/1 21:37	6954	10	366	115475
146	10344911	98490104	君彿	146106	0	2	3	6	1	2017/4/30 18:59		2017/5/20 13:54	1707	0	50	14177
146	10344946	96731064	紫云乄宁以つ	146106	0	1	4	2	1	2017/4/30 19:13		2017/4/30 19:14	52	0	0	3200
146	10345026	98490504	di？ungan	146106	0	2	5	4	2	2017/4/30 19:45	2017/4/30 19:52	2017/4/30 19:49	286	0	50	2161
146	10345056	98490504	紫雨诗秀	146106	0	2	3	1	2	2017/4/30 19:55	2017/4/30 19:56	2017/4/30 19:56	53	0	0	0
146	10345064	98490504	sssdf	146106	0	2	2	1	2	2017/4/30 19:57	2017/4/30 19:58	2017/4/30 19:58	53	0	0	0
146	10345074	98490504	di？ungann	146106	0	2	3	37	1	2017/4/30 20:01		2017/4/30 21:54	6273	0	250	38301
146	10345208	98491095	重楼铁柳つ	146106	0	1	4	2	1	2017/4/30 20:44		2017/4/30 20:52	486	0	50	7524
146	10345310	98489693	筱逸	146106	0	2	3	1	1	2017/4/30 21:15		2017/4/30 21:16	56	0	0	0
146	10345332	98489693	寒筱逸	146005	0	2	3	1	1	2017/4/30 21:20		2017/4/30 21:22	113	0	0	0
146	10345365	98491501	寒筱月	146106	0	2	3	1	1	2017/4/30 21:29		2017/4/30 21:32	63	0	0	0
146	10345491	98491897	堕落的·少年	146106	0	1	4	17	1	2017/4/30 22:09		2017/4/30 22:45	2157	0	50	5628
146	10345600	98492132	嘉誉萌胜灬	146106	0	1	5	13	1	2017/4/30 22:38		2017/4/30 22:59	1138	0	0	6970
146	10345697	98492424	楓颖芳尔灬	146106	0	2	3	19	1	2017/4/30 23:09		2017/4/30 23:51	2546	0	0	21492
146	10345744	98492613	南井咏赐	146088	0	1	4	1	1	2017/4/30 23:33		2017/4/30 23:38	333	0	0	7000
146	10345809	98492944	mijun	146106	0	2	3	76	1	2017/5/1 0:23		2017/5/14 14:43	27538	0	251	1674218
146	10345816	98445066	倾国美音	146106	0	2	3	74	1	2017/5/1 0:27		2017/5/24 21:50	23872	0	728	1878842
146	10345902	98493426	淡紫色嘚	146106	0	1	4	11	1	2017/5/1 1:52		2017/5/1 2:22	1792	60	208	15060
146	10346066	98494707	重楼简虹	146106	0	1	1	2	1	2017/5/1 6:26		2017/5/1 6:33	363	0	0	7401
146	10346100	98494765	鬼亦	146106	0	1	5	15	1	2017/5/1 6:44		2017/5/1 7:38	3234	0	195	20752
146	10346139	98494879	雷成耕晋	146106	0	1	4	18	1	2017/5/1 7:05		2017/5/1 7:56	2520	0	50	2852
146	10346370	98495506	七夜の苑睐	146106	0	2	3	4	1	2017/5/1 8:49		2017/5/1 9:58	3330	0	0	12282
146	10346410	98495610	銷魂夫良	146106	0	1	1	1	1	2017/5/1 9:06		2017/5/1 9:07	29	0	0	0
146	10346446	98495716	★古月洺平★	146106	0	2	2	8	1	2017/5/1 9:19		2017/5/1 9:49	1789	0	0	15619
146	10346530	98495973	阳晗	146103	0	2	5	29	1	2017/5/1 9:45		2017/5/6 8:46	3860	0	100	33441
146	10346553	98496058	馨雪恋清	146106	0	2	3	16	1	2017/5/1 9:55		2017/5/1 14:43	5934	0	0	8518
146	10346794	98496597	洺馨羽晓	146095	0	2	3	70	1	2017/5/1 11:10		2017/5/16 18:20	10181	0	107	6521
146	10346896	98496830	血染亦丽	146106	0	2	5	49	1	2017/5/1 11:46		2017/5/4 20:52	12093	0	640	199668
146	10346958	98496974	徘岸海螺红枫	146002	0	2	3	15	1	2017/5/1 12:07		2017/5/1 12:57	2446	0	0	3544
146	10347046	98478035	青峰乄琴灿	146106	0	1	4	8	2	2017/5/1 12:29	2017/5/1 12:40	2017/5/1 12:38	565	0	0	10722
146	10347075	98497188	冥锋永恒	146106	0	1	4	77	1	2017/5/1 12:34		2017/5/11 21:49	57693	0	1728	326493
146	10347096	98478035	凌云丨世实★	146106	0	1	4	8	1	2017/5/1 12:40		2017/5/1 12:50	632	0	50	5521
146	10347149	98497397	★浩音世欣★	146098	0	1	1	12	1	2017/5/1 12:56		2017/5/1 13:21	1496	0	80	3185
146	10347224	98497551	舞辰若妍	146106	0	2	3	8	1	2017/5/1 13:15		2017/5/1 13:29	822	0	0	10912
146	10347298	98497706	丿柏之光紫灬	146106	0	1	1	15	1	2017/5/1 13:31		2017/5/1 13:52	1298	0	50	21137
146	10347367	98492944	maya	146106	0	2	5	35	1	2017/5/1 13:51		2017/5/5 19:50	4720	0	360	37546
146	10347423	98497996	落花恋笙	146106	0	2	3	8	2	2017/5/1 14:08	2017/5/1 14:36	2017/5/1 14:17	517	0	0	5931
146	10347465	98497996	丿情緣艺妍つ	146106	0	2	2	6	1	2017/5/1 14:21		2017/5/1 14:29	433	0	0	1273
146	10347494	98497996	南郭盛轩	146106	0	1	5	6	2	2017/5/1 14:29	2017/5/1 15:02	2017/5/1 14:36	392	0	0	935
146	10347500	98498174	千里鱼佑灬	146106	0	1	5	8	1	2017/5/1 14:32		2017/5/7 7:53	1020	0	450	5429
146	10347514	98497996	丿妙音妙海	146106	0	1	4	6	1	2017/5/1 14:37		2017/5/1 14:43	380	0	0	6436
146	10347731	98435745	玉儿飞	146002	0	2	3	4	1	2017/5/1 15:53		2017/5/1 16:00	372	0	0	12502
146	10347755	98498988	leom	146106	0	1	5	43	1	2017/5/1 16:01		2017/5/1 17:49	6482	0	245	110185
146	10347764	98435745	九十八	146002	0	1	5	3	1	2017/5/1 16:03		2017/5/1 16:05	163	0	0	100
146	10347955	98453163	浩虎斌末	146106	0	1	5	35	1	2017/5/1 17:08		2017/5/4 18:58	9383	60	348	17285
146	10348086	98364912	玉榮	146103	0	2	2	6	1	2017/5/1 17:51		2017/5/13 13:26	622	0	250	6127
146	10348163	98500112	雨夜孤银	146106	0	1	1	2	1	2017/5/1 18:21		2017/5/1 18:28	456	0	0	3200
146	10348323	98490091	兆寂邑夏	146106	0	1	1	1	1	2017/5/1 19:50		2017/5/1 19:50	5	212	0	0
146	10348817	98502905	钟离灵采★	146106	0	2	3	4	1	2017/5/2 0:42		2017/5/2 0:48	352	0	50	12185
146	10349202	98504604	风雨丨芙婷	146093	0	2	3	1	1	2017/5/2 9:04		2017/5/2 9:05	54	0	0	7000
146	10349432	98505094	凌源程	146106	0	1	5	1	1	2017/5/2 12:18		2017/5/2 12:20	73	0	0	7000
146	10349545	98341500	暗月茵兰	146106	0	2	3	65	1	2017/5/2 13:35		2017/5/3 17:20	28561	0	865	273578
146	10349600	98505470	原秉顺梅	146106	0	1	1	5	1	2017/5/2 14:30		2017/5/2 14:36	371	0	0	6741
146	10349624	98505531	凤舞乄苗紫	146106	0	1	4	10	1	2017/5/2 14:50		2017/5/2 15:31	1779	0	0	7234
146	10349643	98498988	lubj	146106	0	1	4	18	1	2017/5/2 15:07		2017/5/3 23:39	2019	0	50	19254
146	10349671	98505688	傲世丶诗狂	146106	0	1	4	6	1	2017/5/2 15:33		2017/5/2 15:44	575	0	0	1083
146	10349680	98505723	光誉乄湃范	146106	0	1	1	63	1	2017/5/2 15:44		2017/5/3 15:57	18415	0	743	395938
146	10349816	98506103	纳兰睿运灬	146106	0	1	1	6	1	2017/5/2 17:32		2017/5/2 17:39	460	0	0	1381
146	10349840	98481263	紫轩乄沫熙vn	146106	0	2	2	22	1	2017/5/2 17:42		2017/5/4 10:59	5023	0	108	21163
146	10350083	98506643	情殇丶苏烟	146106	0	1	1	85	1	2017/5/2 19:52		2017/5/30 10:42	21422	0	2890	810351
146	10350104	98506670	★凤烙化夕	146106	0	1	5	6	1	2017/5/2 20:04		2017/5/2 20:33	1290	0	0	6293
146	10350133	98506720	傲气勇明	146106	0	1	1	1	1	2017/5/2 20:17		2017/5/2 20:17	3	0	0	0
146	10350222	98506670	永勒盼空	146106	0	1	4	7	1	2017/5/2 21:09		2017/5/2 21:18	509	0	0	7030
146	10350407	98507317	肆耀面对微笑	146106	0	1	4	2	1	2017/5/2 22:57		2017/5/2 22:57	46	0	0	3200
146	10350464	98507472	zzszz	146106	0	2	5	8	1	2017/5/2 23:55		2017/5/3 0:08	789	0	26	5556
146	10350481	98507472	zzxzz	146106	0	1	4	4	1	2017/5/3 0:09		2017/5/3 0:20	657	0	0	12942
146	10350629	98497188	琴瑟梦云	146106	0	2	3	11	1	2017/5/3 2:01		2017/5/3 2:18	1028	0	50	14313
146	10350632	98507780	丿天山海草	146106	0	1	4	1	1	2017/5/3 2:10		2017/5/3 2:11	56	0	0	0
146	10350636	98507780	丶哼好吧	146001	0	1	1	1	1	2017/5/3 2:20		2017/5/3 2:22	70	0	80	0
146	10350909	98508347	★暗夜珊洛	146106	0	2	5	3	1	2017/5/3 10:38		2017/5/3 10:41	141	0	50	5100
146	10350922	98508356	月冰仙子	146106	0	2	3	14	1	2017/5/3 10:45		2017/5/3 11:14	1747	0	50	4479
146	10350963	98487387	古龙津远灬	146106	0	1	1	1	1	2017/5/3 11:22		2017/5/3 11:23	31	0	0	0
146	10350997	98508473	angel凉	146001	0	2	2	19	1	2017/5/3 11:50		2017/5/3 13:26	2355	0	80	21346
146	10351012	98505531	永恒丨潇锐★	146106	0	1	4	8	1	2017/5/3 12:05		2017/5/3 12:20	863	0	0	5360
146	10351032	98508545	清涵清尔	146005	0	2	2	1	2	2017/5/3 12:18	2017/5/3 13:11	2017/5/3 12:18	24	0	0	0
146	10351077	98508604	霓裳泰鸥	146106	0	1	1	1	1	2017/5/3 12:42		2017/5/3 12:47	313	0	0	0
146	10351098	98508473	angel馨妹	146001	0	2	3	8	1	2017/5/3 12:58		2017/5/3 13:04	381	0	0	5679
146	10351116	98508545	雲仙莉芯	146005	0	2	3	3	1	2017/5/3 13:12		2017/5/3 13:18	387	0	0	9100
146	10351135	98508716	悦蓝	146106	0	2	5	57	1	2017/5/3 13:34		2017/5/5 18:01	24375	0	0	415861
146	10351150	98508760	星宿老怪	146001	0	1	4	12	2	2017/5/3 13:53	2017/5/3 20:08	2017/5/3 20:08	1220	0	0	2413
146	10351161	98508760	盘丝大仙	146001	0	2	3	50	1	2017/5/3 14:09		2017/5/4 20:43	9612	0	221	84165
146	10351186	98508821	losa	146106	0	2	5	70	1	2017/5/3 14:30		2017/5/14 23:38	14688	0	824	725852
146	10351320	98508821	qdsad	146106	0	1	5	25	2	2017/5/3 16:46	2017/5/9 16:05	2017/5/6 21:38	3236	0	350	4107
146	10351326	98509151	雄起飞	146106	0	1	1	82	1	2017/5/3 16:51		2017/5/12 19:10	79689	19	1646	9412943
146	10351512	98508716	若晓乄思儿つ	146106	0	2	3	5	2	2017/5/3 18:49	2017/5/3 19:25	2017/5/3 18:55	359	0	0	6684
146	10351525	98508716	上官馨梦	146106	0	2	3	11	1	2017/5/3 18:58		2017/5/3 19:22	1435	0	0	14472
146	10351548	98508604	公子棋寂	146106	0	1	5	3	1	2017/5/3 19:09		2017/5/3 19:14	318	0	0	5163
146	10351577	98508716	无极珊宛	146106	0	2	2	1	2	2017/5/3 19:25	2017/5/3 19:29	2017/5/3 19:25	8	0	0	0
146	10351588	98508716	梦殒星落	146106	0	2	2	11	1	2017/5/3 19:30		2017/5/3 20:18	1776	0	0	4392
146	10351669	98509849	锦宏の仙神	146106	0	1	1	1	1	2017/5/3 20:13		2017/5/3 20:14	64	0	0	0
146	10351703	98508760	五毒书生	146001	0	1	1	12	2	2017/5/3 20:26	2017/5/3 20:47	2017/5/3 20:46	1200	0	0	19609
146	10351721	98509953	左边那片晴天	146001	0	1	4	2	1	2017/5/3 20:37		2017/5/3 20:43	376	0	0	3200
146	10351735	98508760	星宿老怪丶	146001	0	1	5	32	1	2017/5/3 20:48		2017/5/4 20:04	3512	0	100	41853
146	10351824	98510136	狂剑剑陵	146002	0	1	4	8	1	2017/5/3 21:24		2017/5/3 21:38	868	0	50	10674
146	10351983	98510496	广贞乄遮迗	146106	0	1	1	1	1	2017/5/3 22:54		2017/5/3 22:55	59	0	0	7000
146	10352173	98510845	阳勇の帆萌	146106	0	1	4	9	1	2017/5/4 1:05		2017/5/4 1:15	555	0	50	5324
146	10352389	39479628	安慕天淑	146106	0	2	2	3	1	2017/5/4 7:47		2017/5/4 7:52	334	0	50	9115
146	10352491	98511315	剑啸图悦	146106	0	1	4	4	1	2017/5/4 9:49		2017/5/4 9:52	180	0	0	2215
146	10352495	98511335	沉默の楚洲	146106	0	1	1	4	1	2017/5/4 9:58		2017/5/6 11:41	516	0	0	7272
146	10352502	98511308	车逸盛剑丶	146106	0	1	4	8	1	2017/5/4 10:04		2017/5/4 10:18	842	0	50	5635
146	10352572	98511515	丿薀柔治先灬	146100	0	1	4	52	1	2017/5/4 11:25		2017/5/4 17:31	10382	0	100	272850
146	10352594	98511553	萧落依	146106	0	2	2	20	1	2017/5/4 11:45		2017/5/4 13:09	3680	0	100	21047
146	10352656	98508760	五毒教主	146001	0	2	2	26	2	2017/5/4 12:37	2017/5/4 19:53	2017/5/4 19:52	2346	0	100	17073
146	10352665	98469731	司徒？心雅	146105	0	2	3	3	2	2017/5/4 12:46	2017/5/4 12:49	2017/5/4 12:48	98	8	200	5100
146	10352668	98469731	司徒？胜男	146105	0	1	5	6	1	2017/5/4 12:50		2017/5/6 0:22	656	8	300	6424
146	10352681	96138919	濹玖丶	146100	0	2	5	8	1	2017/5/4 12:57		2017/5/4 13:09	695	0	100	10607
146	10352712	98508821	lpgon	146106	0	1	4	20	1	2017/5/4 13:14		2017/5/6 21:57	2007	0	62	20885
146	10352726	98511850	九化古候	146106	0	1	1	3	1	2017/5/4 13:29		2017/5/4 13:33	224	0	0	9100
146	10352902	98440966	行朝の丰珍★	146002	0	1	1	3	1	2017/5/4 16:02		2017/5/4 16:13	692	0	0	9232
146	10352930	98512284	水潺潺	146106	0	2	3	2	1	2017/5/4 16:42		2017/5/4 16:45	213	0	0	3200
146	10352943	98512284	水潺潺。	146106	0	2	3	8	1	2017/5/4 16:48		2017/5/4 17:02	812	0	0	16029
146	10352960	98511927	zerokk	146106	0	1	1	7	1	2017/5/4 16:58		2017/5/4 23:30	719	0	50	14927
146	10352999	98512382	洛芊芊★	146106	0	2	2	1	1	2017/5/4 17:22		2017/5/4 17:23	55	0	0	7000
146	10353085	98512579	九幽の风裳★	146106	0	2	3	6	1	2017/5/4 18:24		2017/5/4 18:32	440	0	0	11149
146	10353109	98512650	★战堂世少	146106	0	1	5	7	1	2017/5/4 18:46		2017/5/4 18:56	608	0	50	6770
146	10353127	98512690	冰安畅智	146106	0	1	4	4	1	2017/5/4 18:56		2017/5/4 19:07	658	0	0	7318
146	10353152	98512732	咏妍情涵	146106	0	2	3	4	1	2017/5/4 19:05		2017/5/4 19:16	660	0	0	12852
146	10353163	98512749	lyos	146106	0	1	4	4	1	2017/5/4 19:08		2017/5/4 19:11	124	0	0	2155
146	10353173	98512770	冰梦千薇	146101	0	2	3	75	1	2017/5/4 19:15		2017/5/16 21:44	13027	0	1610	4082743
146	10353207	98511515	丿君慧七灿つ	146100	0	2	2	7	1	2017/5/4 19:38		2017/5/4 19:51	745	0	30	6980
146	10353212	98512843	佳人°	146001	0	2	2	8	1	2017/5/4 19:43		2017/5/4 19:54	673	0	0	5577
146	10353228	98508760	火云邪神·	146001	0	1	1	6	2	2017/5/4 19:55	2017/5/4 20:01	2017/5/4 20:00	325	0	0	1324
146	10353307	98513027	vntest	146106	0	1	4	13	1	2017/5/4 20:29		2017/5/4 20:51	1231	0	80	16112
146	10353345	98508760	屠夫张三	146001	0	1	1	54	1	2017/5/4 20:51		2017/5/4 23:18	8829	0	170	75839
146	10353358	98513192	孤傲乄賢洺	146106	0	2	2	8	1	2017/5/4 21:01		2017/5/4 21:25	1435	0	0	5585
146	10353420	55141461	燕丨峰寒つ	146106	0	1	4	17	1	2017/5/4 21:35		2017/5/4 22:08	1972	0	150	15930
146	10353478	98513533	雪陌幽彤	146106	0	2	3	6	1	2017/5/4 22:13		2017/5/4 22:57	920	0	0	6202
146	10353498	98513575	思念…回忆	146106	0	2	3	10	1	2017/5/4 22:26		2017/5/4 22:40	878	0	50	7243
146	10353506	98513619	龙青通易	146106	0	1	1	52	1	2017/5/4 22:35		2017/5/5 2:34	14340	0	0	344156
146	10353560	98511927	zeroooo	146106	0	1	4	8	1	2017/5/4 23:11		2017/5/4 23:24	775	0	175	5534
146	10353564	98513757	皇锐乄灿莲灬	146106	0	1	5	58	1	2017/5/4 23:12		2017/5/7 10:23	13911	0	146	367176
146	10353565	98513762	归痕画若丶	146106	0	1	4	48	1	2017/5/4 23:13		2017/5/5 23:48	9650	0	351	182707
146	10353590	98511927	zero00	146106	0	1	5	7	1	2017/5/4 23:32		2017/5/4 23:42	487	0	50	15082
146	10353609	98513889	sktpeanut	146106	0	1	5	5	1	2017/5/4 23:57		2017/5/5 0:03	346	0	50	6402
146	10353698	98469731	？小妮妮？	146106	0	2	3	2	2	2017/5/5 0:40	2017/5/6 0:23	2017/5/5 0:47	429	0	0	3200
146	10354048	98515017	王者乄秋思	146106	0	2	3	15	1	2017/5/5 9:44		2017/5/5 11:39	1429	0	99	20867
146	10354843	98508716	丿情緣莉莎つ	146002	0	2	3	3	1	2017/5/5 12:47		2017/5/5 12:52	292	0	0	100
146	10354855	98515649	徐离屠苏	146106	0	1	4	29	1	2017/5/5 12:49		2017/5/7 18:38	4108	60	548	37860
146	10354882	98515673	李慕婉	146106	0	2	3	13	1	2017/5/5 12:55		2017/5/5 16:23	1793	0	50	15901
146	10355081	98515782	kaisoul	146106	0	1	5	18	1	2017/5/5 13:36		2017/5/5 19:57	2202	0	50	4302
146	10355354	98516004	神龙丨嘉凌	146999	0	1	1	1	1	2017/5/5 14:54		2017/5/5 14:59	239	0	0	0
146	10355468	98515760	灵芳丨七沁丶	146106	0	2	5	58	1	2017/5/5 15:23		2017/5/16 16:11	9205	0	1223	18823
146	10355603	98516191	平凡的人生	146106	0	1	1	4	1	2017/5/5 15:52		2017/5/5 15:57	332	0	0	2251
146	10355717	98516302	呆萌小螃蟹★	146106	0	2	2	14	1	2017/5/5 16:16		2017/5/5 16:38	1296	0	50	20157
146	10355753	98516328	苔味	146106	0	2	3	6	1	2017/5/5 16:24		2017/5/5 16:48	1396	0	0	11224
146	10355886	98516431	叶落丨歌朋	146999	0	1	1	1	1	2017/5/5 16:54		2017/5/5 16:57	186	0	0	0
146	10355917	98516450	子书の亭英	146999	0	1	1	1	1	2017/5/5 16:58		2017/5/5 17:01	128	0	0	0
146	10356784	98517078	百撕不得q姐	146106	0	1	1	26	1	2017/5/5 18:58		2017/5/5 23:44	3151	0	150	21782
146	10357494	98517550	0o飘渺o0	146106	0	2	2	77	1	2017/5/5 20:13		2017/5/9 20:37	27852	0	785	62623
146	10357504	98517577	taob？lùn	146106	0	1	4	6	1	2017/5/5 20:15		2017/5/5 20:27	644	0	0	6398
146	10357690	98517676	詠逺の姿琦つ	146106	0	2	2	15	1	2017/5/5 20:32		2017/5/5 22:33	3643	0	20	2784
146	10357751	98517752	丿妙音雄涉	146106	0	1	4	4	1	2017/5/5 20:39		2017/5/5 21:08	479	0	0	12611
146	10357754	98517743	778996505	146106	0	2	3	37	1	2017/5/5 20:39		2017/5/6 13:17	5776	0	175	40929
146	10358086	98518009	浩衍玉进	146106	0	1	4	14	1	2017/5/5 21:11		2017/5/5 22:06	3178	0	28	11827
146	10358339	98518168	atank	146106	0	1	4	4	1	2017/5/5 21:34		2017/5/5 21:39	252	0	50	12352
146	10358815	98518466	九月的天气	146106	0	1	1	9	1	2017/5/5 22:22		2017/5/5 22:32	608	0	50	5282
146	10358823	98518425	陳明	146106	0	1	4	2	1	2017/5/5 22:22		2017/5/5 22:28	314	0	0	3200
146	10359198	98518744	卉夢の惜玲	146106	0	2	2	10	1	2017/5/5 22:59		2017/5/5 23:17	1091	0	0	7286
146	10359797	98519036	丿梦夕暖蔓	146106	0	2	3	13	1	2017/5/6 0:07		2017/5/12 20:23	1479	0	100	6070
146	10359921	98469731	上官？静儿	146106	0	2	2	67	1	2017/5/6 0:26		2017/5/8 23:54	10695	0	910	1950847
146	10361452	98519847	俊远戎卓★	146106	0	1	1	4	1	2017/5/6 8:07		2017/5/6 8:25	1113	0	50	2428
146	10361862	98520084	倾城轩秋	146106	0	2	3	11	1	2017/5/6 9:00		2017/5/6 13:21	869	0	50	14554
146	10362038	98331755	菰傲翔何灬	146005	0	1	1	3	1	2017/5/6 9:23		2017/5/20 11:38	2011	0	0	5463
146	10362117	98486806	芳雅巧夏	146106	0	2	5	6	1	2017/5/6 9:31		2017/5/6 9:38	434	0	0	1152
146	10362199	98520249	雷霆荣战	146106	0	1	4	5	1	2017/5/6 9:39		2017/5/6 9:55	850	0	0	6224
146	10362385	98520360	暖月柠檬つ	146100	0	2	2	3	1	2017/5/6 10:02		2017/5/6 10:07	306	0	50	5100
146	10362768	98520617	丿木弘嘉量灬	146106	0	1	4	7	1	2017/5/6 10:46		2017/5/6 11:02	577	0	0	6827
146	10362781	98520628	烽火飘零	146106	0	1	4	3	2	2017/5/6 10:47	2017/5/6 13:17	2017/5/6 10:51	232	0	0	9211
146	10362933	98520807	丿剑承井季	146106	0	1	1	1	1	2017/5/6 11:19		2017/5/6 11:20	59	0	0	7000
146	10363196	98521126	神经味少女	146001	0	2	3	14	1	2017/5/6 12:25		2017/5/6 22:27	2424	0	0	16069
146	10363279	98521254	夢雪丽颖	146106	0	2	3	8	1	2017/5/6 12:43		2017/5/6 13:06	1387	0	50	5924
146	10363424	98520628	无心浩力	146106	0	1	4	3	2	2017/5/6 13:08	2017/5/6 13:16	2017/5/6 13:15	382	0	0	9244
146	10363456	98520628	百冰年范つ	146106	0	1	5	8	1	2017/5/6 13:17		2017/5/7 11:26	1231	0	0	5612
146	10363896	98521964	烈焰涵忆つ	146106	0	1	1	40	1	2017/5/6 14:37		2017/5/12 21:17	8092	0	100	69848
146	10363942	98521998	孤星荣兆	146106	0	1	1	1	1	2017/5/6 14:43		2017/5/6 14:54	73	0	0	0
146	10364128	98520628	傲气宝痕	146106	0	1	4	7	1	2017/5/6 15:18		2017/5/6 15:29	644	0	0	15174
146	10364195	98522294	百冰可顺	146093	0	1	4	38	1	2017/5/6 15:33		2017/5/8 14:13	5194	0	364	1597
146	10364211	98522314	亦峻の班颖つ	146106	0	1	1	13	1	2017/5/6 15:37		2017/5/6 15:51	836	0	80	6566
146	10364266	98522378	逍遥丰田	146106	0	1	4	7	1	2017/5/6 15:48		2017/5/6 15:58	548	0	0	15124
146	10364292	98522314	情緣淑蔓	146106	0	2	3	1	1	2017/5/6 15:52		2017/5/6 15:57	319	0	0	0
146	10364323	98522314	春婧柠梦	146001	0	2	3	6	1	2017/5/6 15:56		2017/5/6 16:06	565	0	0	1293
146	10364394	98520807	月苍景雪	146106	0	1	1	4	1	2017/5/6 16:05		2017/5/6 16:13	416	0	0	2146
146	10364404	98522314	雪弦诗佩	146001	0	2	2	6	1	2017/5/6 16:06		2017/5/6 16:12	391	0	0	1118
146	10364599	98522698	榮耀齐卉	146101	0	1	4	1	1	2017/5/6 16:44		2017/5/6 16:44	10	0	0	0
146	10364632	98522730	贺兰可涯	146101	0	1	4	78	1	2017/5/6 16:49		2017/5/13 17:23	26921	60	1363	1350156
146	10364801	98522914	紫雲の青焚	146106	0	1	5	8	1	2017/5/6 17:23		2017/5/6 17:44	1270	0	50	5195
146	10364820	98522925	鑫银	146106	0	1	4	1	1	2017/5/6 17:26		2017/5/6 17:38	696	0	0	0
146	10365120	98523202	寒策秋原	146106	0	1	4	10	1	2017/5/6 18:06		2017/5/6 18:21	885	0	50	7270
146	10365273	98523311	江笙清	146051	0	2	3	57	1	2017/5/6 18:24		2017/5/7 21:09	16267	60	338	28733
146	10365916	98523703	流星東	146106	0	1	4	66	1	2017/5/6 19:38		2017/5/8 12:59	17393	0	98	1630127
146	10365994	98523781	军辉丨怡寒	146106	0	1	1	83	1	2017/5/6 19:48		2017/5/18 20:49	176454	0	1002	1859765
146	10366224	98523908	留恋依年	146002	0	2	5	29	1	2017/5/6 20:21		2017/5/7 10:28	5208	0	50	40496
146	10366347	98524064	美辰妃逸灬	146106	0	2	2	11	1	2017/5/6 20:38		2017/5/6 20:53	889	0	0	4193
146	10366400	98524079	冷墨媚	146106	0	2	3	66	1	2017/5/6 20:42		2017/5/13 10:46	19164	0	857	1631290
146	10366479	98524064	丿广尊瑞吟★	146106	0	1	4	4	1	2017/5/6 20:54		2017/5/6 21:00	331	0	0	12583
146	10366562	98524206	夜月诺寒丶	146106	0	2	3	35	1	2017/5/6 21:02		2017/5/7 9:50	12748	0	0	25808
146	10366603	98524229	丿幸福君巧つ	146106	0	2	3	5	1	2017/5/6 21:05		2017/5/6 21:11	335	0	0	6699
146	10366710	98524229	兰婷音茵	146106	0	2	3	2	1	2017/5/6 21:13		2017/5/6 21:14	68	0	0	3200
146	10367377	98524632	冷酷超皓★	146106	0	1	4	14	1	2017/5/6 22:06		2017/5/6 22:41	2092	0	0	10062
146	10367518	98524819	允臣冲天	146106	0	1	4	19	1	2017/5/6 22:46		2017/5/7 10:34	3539	0	50	22072
146	10367543	98524868	暖栀啊~	146106	0	1	5	6	1	2017/5/6 22:53		2017/5/7 7:29	1060	0	0	1323
146	10367617	98525004	晴卉诗秀つ	146106	0	2	3	11	1	2017/5/6 23:23		2017/5/6 23:38	884	0	50	14253
146	10367703	98525118	素水千山	146106	0	2	3	66	1	2017/5/6 23:52		2017/6/6 17:15	28099	0	615	1757987
146	10367735	98445066	丿西门安怡	146106	0	1	4	8	1	2017/5/7 0:06		2017/5/7 0:14	510	0	0	10863
146	10367766	98525208	鉴军博艺	146002	0	1	4	11	1	2017/5/7 0:17		2017/5/7 0:36	1142	0	1	4421
146	10367784	98525220	flylina	146106	0	2	3	80	1	2017/5/7 0:22		2017/5/12 12:12	41916	0	175	22338905
146	10367799	98525236	含恩の神伊つ	146040	0	1	1	10	1	2017/5/7 0:27		2017/5/7 0:49	1337	0	0	3563
146	10368315	98525582	逍遥游-北冥	146106	0	1	4	73	1	2017/5/7 5:37		2017/5/13 4:40	34292	0	580	191071
146	10368952	98524099	天宫别院	146106	0	1	5	61	1	2017/5/7 8:57		2017/5/13 9:15	12476	0	710	290026
146	10369008	98525962	寒洛莉雅	146106	0	2	3	10	1	2017/5/7 9:06		2017/5/7 11:03	3090	0	50	14795
146	10369069	98525988	丿苍天宏九	146106	0	1	4	11	1	2017/5/7 9:14		2017/5/13 12:44	1235	0	50	14317
146	10369349	98526100	★凯泽千苑	146106	0	1	1	3	1	2017/5/7 9:47		2017/5/7 9:50	178	0	0	9109
146	10369352	98526096	尨騰丨凯旋	146106	0	1	4	3	1	2017/5/7 9:48		2017/5/7 9:53	300	0	0	5136
146	10369367	98526101	kaza	146106	0	1	5	3	1	2017/5/7 9:49		2017/5/7 9:51	135	0	0	5100
146	10369474	98526131	孤风の捕名つ	146106	0	1	1	8	1	2017/5/7 10:00		2017/5/7 10:38	2283	0	50	5307
146	10369497	98526128	司音白浅	146106	0	2	3	46	1	2017/5/7 10:02		2017/5/8 22:03	12727	0	31	128415
146	10369573	98526183	★菰獨鵬戎	146106	0	1	4	15	1	2017/5/7 10:12		2017/5/13 9:51	3163	0	50	20782
146	10369578	98526128	白凤九司音	146106	0	2	2	4	1	2017/5/7 10:13		2017/5/7 10:18	305	0	0	13027
146	10369696	98526234	弘济栋遥	146106	0	1	5	2	2	2017/5/7 10:26	2017/5/7 10:53	2017/5/7 10:52	225	0	77	7200
146	10369781	98526262	源风琴秉	146106	0	2	5	47	1	2017/5/7 10:32		2017/5/13 9:22	9375	0	40	17699
146	10369957	98526234	名辰候慈	146106	0	1	4	34	1	2017/5/7 10:53		2017/5/8 19:06	5763	0	3	36376
146	10370157	98524099	霍晓燕	146106	0	2	3	18	1	2017/5/7 11:20		2017/5/11 17:41	1863	0	400	4607
146	10370238	98526493	寒辰辰青	146106	0	2	2	17	1	2017/5/7 11:30		2017/5/7 12:23	2233	0	16	6492
146	10370476	98526493	玄天の楓雲	146106	0	2	3	6	1	2017/5/7 12:01		2017/5/7 12:07	374	0	0	1170
146	10370527	98526493	霹雳慕乾	146106	0	1	4	6	1	2017/5/7 12:07		2017/5/7 12:15	478	0	0	1573
146	10370665	80291663	缘钟过郎	146105	0	1	1	2	1	2017/5/7 12:22		2017/5/7 12:23	89	18	0	7200
146	10371246	98526262	洛辰婧琳	146106	0	2	3	2	1	2017/5/7 13:01		2017/5/7 13:02	54	0	0	3200
146	10371334	98523311	江笙毅	146051	0	1	5	6	1	2017/5/7 13:06		2017/5/7 20:42	427	60	50	11399
146	10371475	98304273	车炫然兰	146002	0	1	4	2	1	2017/5/7 13:40		2017/5/7 13:42	92	0	0	7200
146	10371554	98527116	静灵秋荧★	146091	0	2	5	7	1	2017/5/7 14:05		2017/5/7 14:24	1114	0	0	7067
146	10371622	98527116	碧楓音天	146091	0	2	5	1	1	2017/5/7 14:26		2017/5/7 14:27	10	0	0	0
146	10371628	98527204	花落修雪つ	146001	0	1	4	3	1	2017/5/7 14:28		2017/5/7 16:22	255	0	0	9157
146	10371630	98527116	刘大少1号	146091	0	2	5	45	1	2017/5/7 14:28		2017/5/12 17:01	8038	0	68	37497
146	10371631	98527227	墨扇玥丶	146106	0	2	2	25	1	2017/5/7 14:29		2017/5/7 15:00	1905	0	97	3765
146	10371672	98527281	花落尐孩	146106	0	1	1	26	1	2017/5/7 14:41		2017/5/8 10:33	4612	0	180	1874
146	10371681	98527287	雪花轩夕	146001	0	2	3	16	1	2017/5/7 14:43		2017/5/20 17:57	2096	0	0	9919
146	10371746	98527375	幻世如梦	146051	0	2	3	76	1	2017/5/7 15:04		2017/5/20 15:53	32385	0	1240	252042
146	10371808	98527454	含浩孤凌	146098	0	1	4	70	1	2017/5/7 15:24		2017/5/12 23:20	14435	0	149	1844020
146	10371900	98527204	ntp214	146001	0	1	4	17	1	2017/5/7 16:01		2017/5/8 11:40	2531	0	0	5443
146	10371969	98527750	端木湘蓉★	146106	0	2	3	71	1	2017/5/7 16:26		2017/5/8 20:08	34014	0	638	1830690
146	10371975	98527746	十七哥哥	146106	0	1	4	4	1	2017/5/7 16:28		2017/5/7 16:58	1806	0	0	12239
146	10371983	98527772	天泽乄项木丶	146106	0	1	4	4	1	2017/5/7 16:31		2017/5/7 16:44	720	0	0	13266
146	10372075	98527897	落兮の夕媚丶	146106	0	2	5	1	1	2017/5/7 17:07		2017/5/7 17:10	52	0	0	0
146	10372151	98528010	秋水珍可	146106	0	2	2	2	1	2017/5/7 17:41		2017/5/7 17:45	132	0	0	7200
146	10372284	98528107	白芷晴	146002	0	2	3	83	1	2017/5/7 18:21		2017/5/16 22:49	29137	0	1055	5845663
146	10372484	98416415	半世放尊	146002	0	1	4	6	2	2017/5/7 19:29	2017/5/14 12:20	2017/5/8 6:23	573	0	50	11105
146	10372646	98528612	落夢落晓つ	146106	0	2	5	27	1	2017/5/7 20:36		2017/5/8 19:22	4732	0	50	20690
146	10372704	98528724	★碧空素禄	146106	0	1	1	12	1	2017/5/7 21:03		2017/5/7 21:21	1097	0	50	2402
146	10372821	98528895	初彤盛戎	146106	0	1	4	6	1	2017/5/7 21:52		2017/5/7 22:08	981	0	50	11594
146	10372901	92450104	傲浩寻雨	146005	0	1	4	15	1	2017/5/7 22:29		2017/5/8 20:45	2427	0	100	2891
146	10372915	98529038	柠檬檬	146106	0	2	3	50	1	2017/5/7 22:37		2017/5/8 23:37	8077	0	6	329883
146	10373037	98529277	光誉乄星鹏	146106	0	1	1	13	1	2017/5/7 23:49		2017/5/12 17:52	4799	0	130	9070
146	10373041	98529262	孤星卉厚	146001	0	1	4	1	1	2017/5/7 23:51		2017/5/7 23:51	19	0	0	0
146	10373284	98529579	南门逸美	146106	0	1	5	25	1	2017/5/8 2:48		2017/5/8 12:26	15023	0	100	29875
146	10373426	98529671	绯闻-时代	146106	0	1	5	15	1	2017/5/8 5:35		2017/5/11 11:49	2017	0	175	16126
146	10374078	98529991	丘比特1	146106	0	1	1	29	1	2017/5/8 10:17		2017/5/8 13:58	4510	0	20	40400
146	10374195	98530060	樱花丨容晓	146106	0	2	3	1	1	2017/5/8 10:45		2017/5/8 10:50	327	0	0	0
146	10374395	98530152	oliver	146106	0	1	4	12	1	2017/5/8 11:30		2017/5/8 11:54	1410	0	180	13374
146	10374492	98530195	卉柔妙意★	146106	0	2	5	35	1	2017/5/8 11:50		2017/5/11 1:59	3740	0	150	16530
146	10374688	98529671	丿彼堓一天灬	146106	0	1	4	10	1	2017/5/8 12:28		2017/5/13 7:09	1098	0	0	7703
146	10374764	98530325	猫尾十三	146106	0	2	3	14	1	2017/5/8 12:41		2017/5/8 13:20	2031	0	50	11307
146	10374856	98530363	素泉兮晓	146101	0	2	2	10	1	2017/5/8 12:54		2017/5/8 13:09	764	0	0	3149
146	10375124	98530477	漆雕若理丶	146106	0	1	4	49	1	2017/5/8 13:45		2017/5/8 16:07	8506	59	398	73815
146	10375749	98525220	兂塵丨铭赐	146106	0	1	5	10	1	2017/5/8 16:09		2017/5/8 16:21	731	0	0	2870
146	10376190	98531009	丿畅舞忆安つ	146106	0	2	3	8	1	2017/5/8 16:54		2017/5/8 17:10	945	0	0	5727
146	10376274	98531125	flylika	146106	0	1	5	8	1	2017/5/8 17:38		2017/5/8 17:47	523	0	0	5888
146	10376329	98531216	★繁花画年	146106	0	1	1	1	1	2017/5/8 18:05		2017/5/8 18:06	33	0	0	0
146	10376536	98531576	千力万尺	146040	0	1	5	75	1	2017/5/8 20:05		2017/5/14 17:04	12560	0	533	272371
146	10376592	98531664	婉晨容寒	146106	0	2	2	27	1	2017/5/8 20:29		2017/5/8 21:25	3351	0	100	681
146	10376593	98531667	bebe	146106	0	1	5	72	1	2017/5/8 20:29		2017/5/12 23:18	10864	0	70	618213
146	10376806	98525220	flylili	146106	0	2	2	4	1	2017/5/8 22:30		2017/5/8 22:34	251	0	0	12655
146	10376819	98532153	东阳の慈丽★	146106	0	1	1	13	1	2017/5/8 22:39		2017/5/9 11:06	2676	0	0	17114
146	10376865	98532221	九条龙宗宗主	146106	0	1	4	83	1	2017/5/8 23:00		2017/5/25 21:08	98913	0	1502	2697732
146	10376877	98532263	宗政乄洺诗	146106	0	2	3	16	1	2017/5/8 23:08		2017/5/8 23:46	2285	0	50	2988
146	10376901	98532336	方彤暮琅	146106	0	1	1	5	1	2017/5/8 23:27		2017/5/8 23:42	883	0	0	6451
146	10376950	98532465	龙城太可	146106	0	1	5	59	1	2017/5/9 0:01		2017/5/13 1:23	11321	0	109	207122
146	10377483	98529671	静尘琳琴	146106	0	2	3	6	1	2017/5/9 6:29		2017/5/9 6:36	420	0	50	6483
146	10377936	98532955	嫣然恋平	146106	0	2	2	14	1	2017/5/9 8:44		2017/5/10 22:22	1457	0	220	16093
146	10377972	98485473	狂刀幽乌丶	146106	0	1	1	1	1	2017/5/9 8:55		2017/5/9 8:57	118	0	0	0
146	10378061	98533028	九宣乄石周	146106	0	1	1	29	1	2017/5/9 9:27		2017/5/9 18:17	3944	0	30	37503
146	10378308	98533189	佳怡采曼	146001	0	2	3	65	1	2017/5/9 11:02		2017/5/9 20:44	34845	0	517	1219932
146	10378358	98532153	侞儚丨武信★	146106	0	1	1	4	1	2017/5/9 11:08		2017/5/9 13:23	654	0	0	7152
146	10378532	98533273	19vietnam	146106	0	1	4	9	1	2017/5/9 11:41		2017/5/9 13:49	931	0	0	5240
146	10378678	98533350	棋公弘苑	146106	0	1	5	9	1	2017/5/9 12:15		2017/5/12 0:22	1314	0	0	13127
146	10378683	98533348	℡剑仙	146106	0	1	5	22	1	2017/5/9 12:16		2017/5/9 13:00	2612	0	130	21055
146	10378975	98532465	辰慧の凡莎灬	146106	0	2	3	2	2	2017/5/9 13:29	2017/5/9 23:30	2017/5/9 13:30	50	0	0	3200
146	10379048	98533609	？王者无情？	146106	0	1	4	27	1	2017/5/9 13:52		2017/5/10 8:41	5127	0	255	26250
146	10379206	98533709	浩然魔龙	146106	0	1	4	2	1	2017/5/9 14:39		2017/5/9 14:40	72	0	0	7200
146	10379316	98533774	★左丘琦苑灬	146106	0	2	3	14	1	2017/5/9 15:10		2017/5/9 15:37	1403	0	0	16385
146	10379662	98533876	junguy？n	146106	0	2	2	4	1	2017/5/9 16:00		2017/5/9 16:06	381	0	117	12977
146	10379705	98508821	忌皓翔越灬	146106	0	1	1	14	1	2017/5/9 16:05		2017/5/14 23:27	1819	0	250	24064
146	10380411	98534761	守护灬可宝	146106	0	2	2	70	1	2017/5/9 19:37		2017/5/13 23:15	22000	54	760	768101
146	10380464	98534885	丿临风祥钧丶	146106	0	1	1	11	1	2017/5/9 20:07		2017/5/9 20:33	1563	0	0	14450
146	10380623	98527375	兰落芬芳	146051	0	2	2	1	2	2017/5/9 21:04	2017/5/13 14:55	2017/5/9 21:05	12	0	0	0
146	10380670	98535155	olala	146106	0	1	4	4	1	2017/5/9 21:28		2017/5/9 21:31	216	0	0	12149
146	10380732	98535242	若晓玲仙灬	146106	0	2	2	22	1	2017/5/9 22:00		2017/5/9 22:47	2858	0	50	21321
146	10380827	98473648	兰苏芳湘	146106	0	2	3	8	1	2017/5/9 22:53		2017/5/9 23:04	677	0	50	15627
146	10381005	98535718	勃宣の依光	146106	0	1	5	9	1	2017/5/10 0:19		2017/5/10 0:44	1468	0	50	4847
146	10381172	98535718	★峰宗霸气	146106	0	1	4	3	1	2017/5/10 0:45		2017/5/10 0:47	161	0	0	9100
146	10382312	98535988	妖幺	146097	0	2	2	12	1	2017/5/10 5:38		2017/5/10 23:20	1278	0	5	8758
146	10382982	98536141	城骏海言	146106	0	1	4	11	1	2017/5/10 8:39		2017/5/10 9:04	1454	0	0	14380
146	10383016	98536151	韩懿莹	146106	0	2	5	10	1	2017/5/10 8:47		2017/5/10 8:59	725	0	0	14605
146	10384753	98536453	狂刀丨举续灬	146107	0	1	4	4	1	2017/5/10 11:34		2017/5/10 11:55	1288	0	0	2143
146	10385774	98445066	★傲血问情	146107	0	1	4	13	2	2017/5/10 12:24	2017/5/10 20:33	2017/5/10 12:44	1229	0	50	23109
146	10386358	98536670	xiaoxing	146107	0	1	4	25	1	2017/5/10 12:51		2017/5/16 20:43	4163	0	365	4161
146	10386997	98536739	邪哗	146107	0	2	3	73	1	2017/5/10 13:23		2017/5/18 2:52	29465	0	804	369652
146	10387378	98536804	智涯苍春灬	146090	0	1	1	4	1	2017/5/10 13:43		2017/5/10 13:51	489	0	0	12152
146	10387452	98536811	笑傲沧临	146098	0	1	5	7	1	2017/5/10 13:51		2017/5/10 14:05	836	0	0	15175
146	10388119	98537045	浩部天	146107	0	1	5	16	1	2017/5/10 15:43		2017/5/10 16:10	1642	0	50	22462
146	10388527	98537206	final★	146107	0	2	3	3	1	2017/5/10 16:51		2017/5/10 16:55	258	0	125	9106
146	10388861	98537206	finall★	146107	0	1	4	13	1	2017/5/10 17:39		2017/5/10 18:01	1306	0	50	7944
146	10388961	98536670	雨韵乄昔灵	146107	0	2	2	1	1	2017/5/10 17:50		2017/5/10 17:50	29	0	0	0
146	10388965	98537340	★孤单城达	146107	0	1	1	10	1	2017/5/10 17:50		2017/5/10 18:10	1195	0	50	7554
146	10389669	98517550	旧梦飘渺	146107	0	2	2	59	1	2017/5/10 19:10		2017/5/10 22:10	10767	58	588	242238
146	10389741	98537533	诺雲の怡越	146107	0	2	3	14	1	2017/5/10 19:14		2017/5/10 19:40	1540	0	200	9973
146	10389788	98537542	雪月の秉焕	146107	0	1	4	11	1	2017/5/10 19:19		2017/5/11 18:18	1375	0	100	14496
146	10390126	98537533	丿灵夏莲珊	146107	0	2	5	4	1	2017/5/10 19:43		2017/5/10 19:47	243	0	0	7152
146	10390450	98536804	丿冰卓绝仰灬	146090	0	1	1	14	1	2017/5/10 19:56		2017/5/15 16:01	2713	0	0	17299
146	10390530	98471718	欧阳＠夏丹	146107	0	2	2	6	2	2017/5/10 20:02	2017/5/12 17:23	2017/5/10 20:21	536	0	40	6427
146	10390608	98537695	映逊东冉丶	146070	0	1	4	1	1	2017/5/10 20:14		2017/5/10 20:15	28	0	0	0
146	10390640	98537708	noname	146107	0	2	2	29	1	2017/5/10 20:18		2017/5/10 21:33	4515	0	110	38113
146	10390645	98537695	浮雲哲泰	146070	0	1	4	1	1	2017/5/10 20:19		2017/5/10 20:19	29	0	0	0
146	10390704	98469731	上官＠静儿	146107	0	2	2	88	1	2017/5/10 20:24		2017/6/4 12:14	167349	6	159	1599180
146	10390820	98537695	傲丗玄赐	146005	0	1	4	1	1	2017/5/10 20:32		2017/5/10 20:32	29	0	0	0
146	10390845	98445066	灵珊飞雪	146107	0	2	2	62	2	2017/5/10 20:33	2017/5/28 21:19	2017/5/16 20:26	11630	0	510	379430
146	10390882	98537780	皓仴乄勇意	146107	0	1	5	4	1	2017/5/10 20:37		2017/5/10 20:47	571	0	50	12258
146	10391208	98537804	风宇远咏	146107	0	1	4	17	1	2017/5/10 20:52		2017/5/10 21:29	2178	0	80	5387
146	10391337	98537843	临风契灿	146107	0	1	5	8	1	2017/5/10 20:57		2017/5/10 21:21	770	0	100	15948
146	10391633	98537909	★名忌战盼つ	146107	0	1	4	3	1	2017/5/10 21:14		2017/5/10 21:17	170	0	0	9124
146	10391689	98537924	乄言策つ	146107	0	1	4	14	1	2017/5/10 21:19		2017/5/25 21:00	1222	119	230	4490
146	10391737	98537924	陌殇〃	146107	0	2	5	85	1	2017/5/10 21:25		2017/6/1 21:52	37140	119	3606	3226922
146	10391820	98537969	′？？？`	146107	0	1	4	6	1	2017/5/10 21:36		2017/5/10 21:47	472	0	0	1052
146	10391874	98537708	moning	146107	0	1	4	24	1	2017/5/10 21:42		2017/5/11 7:19	3480	0	100	26466
146	10391979	98538039	歌慧菲晓灬	146107	0	2	3	8	1	2017/5/10 21:50		2017/5/10 22:01	667	0	50	5542
146	10392057	98538058	本阳の卉晓	146001	0	1	1	1	1	2017/5/10 21:55		2017/5/10 21:56	45	0	0	7000
146	10392467	98445066	佳慧莹芯	146107	0	2	5	3	2	2017/5/10 22:20	2017/5/10 22:23	2017/5/10 22:22	132	0	0	9100
146	10392480	98538126	佳材萌少	146107	0	1	1	6	1	2017/5/10 22:20		2017/5/10 22:40	1146	0	0	6064
146	10394140	98538280	彼岸魅永	146107	0	1	1	4	1	2017/5/10 23:14		2017/5/10 23:19	295	0	0	12726
146	10394530	98538377	晴晓春素	146107	0	2	3	45	1	2017/5/10 23:49		2017/5/11 1:45	6944	0	198	103979
146	10395043	98538546	aoaoaoao	146107	0	1	4	35	1	2017/5/11 0:58		2017/5/11 15:38	6047	0	435	38611
146	10395591	98538605	杀戮班彤	146101	0	1	4	4	1	2017/5/11 1:37		2017/5/11 1:42	291	0	0	12852
146	10395630	98538546	girlvietnam	146107	0	2	2	8	1	2017/5/11 1:42		2017/5/11 1:51	518	0	0	5323
146	10395768	98538626	★圣域益远	146107	0	1	4	6	1	2017/5/11 2:02		2017/5/11 2:09	443	0	50	6024
146	10395947	98538655	剑恒石瑞	146107	0	1	5	74	1	2017/5/11 2:24		2017/5/24 0:28	43536	8	190	1563830
146	10396792	98538770	亦以佳佳	146107	0	2	2	6	1	2017/5/11 5:30		2017/5/11 5:44	805	0	50	11080
146	10397036	98436529	我来新区了	146107	0	1	1	90	1	2017/5/11 6:48		2017/5/31 0:05	134970	1	1069	55046951
146	10397461	98539055	★曼雅纯巧	146107	0	2	3	8	1	2017/5/11 9:58		2017/5/11 10:13	907	0	0	5760
146	10399339	98539281	潇湘疾莲丶	146107	0	1	4	4	1	2017/5/11 11:45		2017/5/11 11:47	161	0	80	2149
146	10399537	98539056	涵程浮续	146107	0	1	1	17	1	2017/5/11 12:00		2017/5/12 22:47	2824	0	30	6483
146	10399543	98539310	一剑邪皓	146107	0	1	4	4	1	2017/5/11 12:01		2017/5/11 12:04	195	0	0	2152
146	10401601	98539524	浮华丨莫香	146107	0	1	4	6	1	2017/5/11 13:33		2017/5/11 13:40	435	0	0	1129
146	10402053	98539655	雨夜涵琴	146107	0	2	3	25	1	2017/5/11 14:29		2017/5/11 15:26	3430	0	130	12333
146	10402092	98539670	浮政の涛以★	146999	0	1	1	1	1	2017/5/11 14:34		2017/5/11 14:42	460	0	90	0
146	10402140	98539700	冷血轩嫻	146999	0	2	3	1	1	2017/5/11 14:44		2017/5/11 14:53	444	0	90	0
146	10402336	98539823	丿寒策凤誠	146999	0	1	1	1	1	2017/5/11 15:26		2017/5/11 18:45	288	0	90	0
146	10403062	98540185	纳兰语歌	146107	0	2	2	68	1	2017/5/11 17:44		2017/5/13 7:08	25693	0	357	1627833
146	10403179	98540267	逍滛恨悦	146107	0	1	1	1	1	2017/5/11 18:04		2017/5/11 18:04	21	0	0	0
146	10403444	98540520	逍遥丶阿修罗	146107	0	1	4	13	1	2017/5/11 18:53		2017/5/11 19:28	2092	0	50	18243
146	10403475	98540533	轩辕棍至尊	146106	0	1	4	42	1	2017/5/11 18:57		2017/5/12 18:43	5758	0	100	54190
146	10403662	98540665	才简建榆	146107	0	1	4	12	1	2017/5/11 19:28		2017/5/11 19:50	1316	0	0	19421
146	10403746	98540721	≦百≌里≧	146107	0	1	4	6	1	2017/5/11 19:44		2017/5/11 19:51	444	0	100	11092
146	10404303	98541111	龙战云霄	146107	0	1	4	65	1	2017/5/11 21:34		2017/5/16 22:07	20024	26	402	639016
146	10404671	98536670	菲妍賢英	146107	0	2	3	7	1	2017/5/11 22:45		2017/5/11 22:52	466	0	0	6884
146	10404754	98539056	初彤魁范	146107	0	1	5	17	1	2017/5/11 23:01		2017/5/12 0:33	3477	0	0	6077
146	10404853	98541514	烟雨！濛濛	146107	0	2	2	6	1	2017/5/11 23:28		2017/5/11 23:36	498	0	35	1399
146	10404879	98539056	皇锐乄空隆丶	146107	0	1	4	17	1	2017/5/11 23:38		2017/5/12 1:03	2636	0	75	16040
146	10406590	98436529	风雨珠仙	146107	0	2	5	86	1	2017/5/12 3:36		2017/5/25 7:55	54602	19	340	3705556
146	10407370	98542103	轩梦丨莺依★	146107	0	2	3	78	1	2017/5/12 7:26		2017/5/15 14:18	81246	9	155	4695877
146	10407491	98542192	丿宗凌昌吉灬	146107	0	1	5	4	1	2017/5/12 8:46		2017/5/12 8:52	357	0	130	12824
146	10407492	98542191	战王丶猫	146107	0	1	5	4	1	2017/5/12 8:46		2017/5/12 8:51	283	0	50	13033
146	10407644	98542191	破天笙平灬	146107	0	2	2	17	1	2017/5/12 9:51		2017/5/12 14:06	1775	0	50	16220
146	10407953	98542483	丿情緣逸荷	146107	0	2	3	6	1	2017/5/12 11:24		2017/5/12 11:38	879	0	0	1480
146	10407997	98542522	临舒牧凌	146107	0	1	1	1	1	2017/5/12 11:36		2017/5/12 11:37	64	0	0	0
146	10408383	98542905	慢慢品味	146107	0	1	4	14	1	2017/5/12 13:04		2017/5/12 13:57	2562	0	150	12362
146	10408386	98537630	黯影阳赫	146070	0	1	5	15	1	2017/5/12 13:04		2017/5/12 13:26	1308	0	50	20769
146	10408453	98543000	情缘琦笙丶	146107	0	2	3	13	1	2017/5/12 13:22		2017/5/12 13:54	1902	0	0	12452
146	10408500	50876524	風雅	146040	0	2	3	1	1	2017/5/12 13:37		2017/5/12 13:37	11	0	0	0
146	10408509	50876524	姬妶嫊	146001	0	2	2	1	1	2017/5/12 13:40		2017/5/12 13:40	10	0	0	0
146	10408520	50876524	風蘭夢	146002	0	2	2	1	1	2017/5/12 13:42		2017/5/12 13:43	8	0	0	0
146	10408539	50876524	姬姜	146005	0	2	3	1	1	2017/5/12 13:45		2017/5/12 13:45	9	0	0	0
146	10408561	50876524	風韻	146051	0	2	5	1	1	2017/5/12 13:49		2017/5/12 13:49	8	0	0	0
146	10408568	50876524	姬婧嫊	146072	0	2	5	1	1	2017/5/12 13:52		2017/5/12 13:52	8	0	0	0
146	10408578	50876524	姜婉	146088	0	2	3	1	1	2017/5/12 13:54		2017/5/12 13:54	7	0	0	0
146	10408589	50876524	姬媃	146094	0	2	2	1	1	2017/5/12 13:56		2017/5/12 13:57	7	0	0	0
146	10408616	50876524	怕愺	146107	0	2	2	1	1	2017/5/12 14:00		2017/5/12 14:01	6	0	0	0
146	10408630	50876524	點滄	146107	0	2	5	1	1	2017/5/12 14:03		2017/5/12 14:03	13	0	0	0
146	10408638	50876524	妙婣	146107	0	2	3	1	1	2017/5/12 14:05		2017/5/12 14:05	10	0	0	0
146	10408644	50876524	風天月	146001	0	2	2	1	1	2017/5/12 14:07		2017/5/12 14:07	7	0	0	0
146	10408650	50876524	風天雪	146001	0	2	2	1	1	2017/5/12 14:09		2017/5/12 14:09	7	0	0	0
146	10408662	50876524	風雅頌	146040	0	2	3	1	1	2017/5/12 14:12		2017/5/12 14:12	11	0	0	0
146	10408673	50876524	風嬅	146040	0	2	3	1	1	2017/5/12 14:14		2017/5/12 14:14	6	0	0	0
146	10408677	50876524	風嬅婧	146088	0	2	5	1	1	2017/5/12 14:16		2017/5/12 14:16	6	0	0	0
146	10408698	50876524	姬嬌	146088	0	2	5	1	1	2017/5/12 14:18		2017/5/12 14:18	10	0	0	0
146	10408711	50876524	俊伝	146075	0	1	4	1	1	2017/5/12 14:20		2017/5/12 14:21	6	0	0	0
146	10408720	50876524	淩沄	146075	0	1	4	1	1	2017/5/12 14:22		2017/5/12 14:22	6	0	0	0
146	10408727	50876524	葰芸	146075	0	1	4	1	1	2017/5/12 14:23		2017/5/12 14:24	7	0	0	0
146	10408729	50876524	風天俊	146002	0	1	1	1	1	2017/5/12 14:25		2017/5/12 14:25	7	0	0	0
146	10408733	50876524	風逍遙	146002	0	1	1	1	1	2017/5/12 14:26		2017/5/12 14:26	7	0	0	0
146	10408735	50876524	風天邪	146051	0	1	1	1	1	2017/5/12 14:28		2017/5/12 14:28	8	0	0	0
146	10408736	98543296	丿梦夕妃嫻丶	146107	0	2	2	15	1	2017/5/12 14:29		2017/5/13 12:21	3726	0	100	21353
146	10408745	50876524	風點蒼	146062	0	1	5	1	1	2017/5/12 14:32		2017/5/12 14:32	9	0	0	0
146	10408752	50876524	姬點蒼	146062	0	1	5	1	1	2017/5/12 14:33		2017/5/12 14:33	9	0	0	0
146	10408756	50876524	蒼縱橫	146062	0	1	5	1	1	2017/5/12 14:35		2017/5/12 14:35	7	0	0	0
146	10408857	98543469	点点姐	146107	0	2	3	69	1	2017/5/12 15:17		2017/5/17 16:47	13467	0	900	1695901
146	10409064	98543660	傳奇の丽湘	146107	0	2	3	8	1	2017/5/12 16:12		2017/5/12 16:47	2103	0	0	5247
146	10409299	98543915	党逗逗	146107	0	1	4	6	1	2017/5/12 16:57		2017/5/12 17:05	481	0	0	13977
146	10409348	98527116	柔情晓君	146107	0	2	3	6	1	2017/5/12 17:03		2017/5/12 17:17	809	0	0	6261
146	10409460	98471718	上官の云	146107	0	1	5	37	1	2017/5/12 17:24		2017/5/12 18:22	3404	0	270	50283
146	10409484	97949051	名门琦莹★	146107	0	2	3	1	2	2017/5/12 17:29	2017/5/12 17:30	2017/5/12 17:30	37	0	0	7000
146	10409501	97949051	小迷妹i	146107	0	2	3	9	1	2017/5/12 17:30		2017/5/12 17:44	749	0	50	5187
146	10409691	98544290	清风平宗	146107	0	1	1	4	1	2017/5/12 18:02		2017/5/12 18:09	418	0	0	2167
146	10410679	98544613	梦熙清湘	146005	0	2	2	29	1	2017/5/12 18:51		2017/5/12 21:45	4721	0	169	33883
146	10410996	98544796	宇航储津	146107	0	1	5	2	1	2017/5/12 19:18		2017/5/12 19:19	77	0	0	7200
146	10411021	98544804	神之菜鸟	146107	0	1	5	69	1	2017/5/12 19:20		2017/5/27 16:47	17038	0	850	1947270
146	10411897	98545155	变成玛德西亚	146107	0	2	3	65	1	2017/5/12 20:02		2017/5/14 18:59	14018	0	703	1635689
146	10411912	98545181	淑雯卉裳	146001	0	2	2	8	1	2017/5/12 20:03		2017/5/12 20:16	757	0	0	5697
146	10412516	98525582	逍遥游~北冥	146107	0	1	4	1	2	2017/5/12 20:47	2017/5/12 20:49	2017/5/12 20:49	130	0	0	7000
146	10412638	98525582	逍遥游～北冥	146107	0	1	5	13	2	2017/5/12 20:56	2017/5/13 4:41	2017/5/13 4:34	1924	0	100	16151
146	10412642	98545603	流星情唯	146107	0	2	2	21	1	2017/5/12 20:56		2017/5/18 20:39	3766	0	50	24338
146	10412720	98545637	魂灬乄魁染	146107	0	1	4	3	1	2017/5/12 21:01		2017/5/12 21:06	201	0	0	100
146	10413669	98546360	爱本无罪001	146105	0	1	4	14	1	2017/5/12 22:15		2017/5/12 22:34	1151	0	50	12146
146	10414172	98546661	绝辉刑天	146107	0	1	5	11	1	2017/5/12 22:56		2017/5/12 23:13	968	0	50	14057
146	10414351	98525220	flylinna	146107	0	2	2	76	1	2017/5/12 23:19		2017/5/16 11:28	17632	0	150	1489473
146	10414366	98531667	laolan	146107	0	1	1	10	1	2017/5/12 23:21		2017/5/13 23:00	1001	0	50	3196
146	10414447	98544407	赤阳游龙	146107	0	1	1	1	2	2017/5/12 23:45	2017/5/13 0:04	2017/5/12 23:48	198	0	0	7000
146	10414534	98544407	笑风云	146107	0	1	1	82	1	2017/5/13 0:08		2017/5/17 21:33	65484	61	1471	492886
146	10416126	98525582	逍遥游—北冥	146107	0	1	5	81	1	2017/5/13 4:28		2017/5/24 21:08	162435	6	2297	4106722
146	10416397	98436529	雲仙秋碧	146107	0	2	3	84	1	2017/5/13 5:02		2017/5/23 2:11	52867	48	724	7937040
146	10418785	98541111	美兰盈蔓	146107	0	2	3	4	1	2017/5/13 11:55		2017/5/13 12:01	370	0	0	13102
146	10419912	98523202	飘渺城延	146107	0	1	4	14	1	2017/5/13 15:04		2017/5/13 17:36	2142	0	50	16978
146	10421505	98541111	丿烈焰慕千	146107	0	2	2	6	1	2017/5/13 18:51		2017/5/13 18:58	421	0	0	6443
146	10422976	98508821	vampire11	146107	0	1	5	7	1	2017/5/13 22:15		2017/5/13 22:24	535	0	50	14652
146	10424757	98544407	月辰宜溪	146107	0	2	5	32	1	2017/5/14 9:48		2017/5/14 10:27	2373	0	100	39117
146	10425153	98487309	扬九宇改	146107	0	1	4	9	1	2017/5/14 10:24		2017/5/14 10:38	799	0	0	12977
146	10429372	98416415	★傲血月敦★	146002	0	1	1	3	2	2017/5/14 16:17	2017/5/14 16:20	2017/5/14 16:20	210	0	0	9118
146	10429401	98416415	浴血曼琦	146002	0	2	3	16	1	2017/5/14 16:21		2017/5/21 20:06	2928	0	350	3173
146	10432370	98416415	无尽长候	146002	0	1	1	6	1	2017/5/14 20:26		2017/5/14 20:45	1126	0	0	6476
146	10432534	98535988	水若璃	146107	0	2	2	3	1	2017/5/14 20:49		2017/5/14 20:52	222	0	0	9109
146	10434440	98469731	追忆幽思丶	146107	0	2	3	1	2	2017/5/15 1:33	2017/5/15 1:36	2017/5/15 1:36	141	5	50	0
146	10434975	98536804	冷血晋彬★	146107	0	1	1	13	1	2017/5/15 10:51		2017/5/17 16:03	2775	0	170	6183
146	10440831	98536804	嘉峰宛铭丶	146040	0	1	1	4	1	2017/5/16 11:57		2017/5/16 12:02	315	0	0	12152
146	10442573	98485473	乐兰溪羽	146106	0	2	3	15	1	2017/5/16 19:54		2017/5/21 14:28	3002	0	400	3362
146	10442896	98445066	陌上颖跃★	146107	0	1	4	6	2	2017/5/16 20:56	2017/5/16 21:05	2017/5/16 21:04	470	0	0	11252
146	10442938	98445066	北门遥峰	146107	0	1	4	43	1	2017/5/16 21:06		2017/5/17 21:39	5332	0	570	95769
146	10446110	98544407	笑看云雨	146108	0	2	2	3	1	2017/5/17 17:52		2017/5/17 17:53	70	0	0	100
146	10452840	98445066	散人彪哥	146108	0	1	4	72	1	2017/5/19 20:34		2017/5/24 21:52	11014	4	770	1659309
146	10470772	98469731	逍遥？落落	146109	0	2	2	2	2	2017/5/23 11:54	2017/5/23 11:56	2017/5/23 11:55	80	0	0	7200
146	10470781	98469731	落寞？静儿	146109	0	2	2	77	1	2017/5/23 11:57		2017/6/4 12:11	17232	0	880	1207948
146	10471734	98378476	谜长生	146109	0	1	4	34	1	2017/5/23 16:30		2017/5/25 19:28	5201	0	180	28426
146	10490261	98445066	可爱菲卿	146110	0	2	2	75	1	2017/5/28 21:21		2017/6/5 19:41	15574	0	1216	2256945
