gateway_id	role_id	sheet_id	count(*)
146086	9821778	圣灵珠·3级	7
146086	9821778	圣灵珠·4级	3
146086	9821778	火灵珠·3级	3
146086	9821778	火灵珠·4级	7
146086	9821778	物理防御水晶·5级	10
146086	9821778	物理攻击水晶·5级	4
146086	9821778	物理攻击水晶·6级	6
146086	9821778	血宝石·5级	10
146086	9821778	法术防御水晶·5级	10
146086	9821778	木灵珠·3级	8
146086	9821779	圣灵珠·2级	8
146086	9821779	圣灵珠·3级	1
146086	9821779	物理防御水晶·4级	9
146086	9821779	物理防御水晶·5级	1
146086	9821779	物理攻击水晶·5级	10
146086	9821779	血宝石·4级	4
146086	9821779	血宝石·5级	6
146086	9821779	雷灵珠·2级	1
146086	9821779	雷灵珠·3级	3
146086	9821779	法术防御水晶·4级	6
146086	9821779	法术防御水晶·5级	3
146086	9821784	圣灵珠·4级	10
146086	9821784	紫玛瑙·3级	1
146086	9821784	紫玛瑙·4级	1
146086	9821784	物理防御水晶·5级	6
146086	9821784	物理防御水晶·6级	4
146086	9821784	物理攻击水晶·6级	10
146086	9821784	血宝石·6级	10
146086	9821784	雷灵珠·5级	10
146086	9821784	法术防御水晶·5级	10
146086	9821798	圣灵珠·3级	1
146086	9821798	圣灵珠·4级	1
146086	9821798	圣灵珠·5级	7
146086	9821798	圣灵珠·6级	1
146086	9821798	紫玛瑙·4级	6
146086	9821798	紫玛瑙·5级	3
146086	9821798	紫玛瑙·6级	1
146086	9821798	物理防御水晶·6级	10
146086	9821798	物理攻击水晶·6级	10
146086	9821798	血宝石·6级	10
146086	9821798	雷灵珠·4级	2
146086	9821798	雷灵珠·5级	5
146086	9821798	雷灵珠·6级	3
146086	9821798	法术防御水晶·6级	10
146086	9821801	圣灵珠·3级	1
146086	9821801	圣灵珠·4级	9
146086	9821801	紫玛瑙·3级	1
146086	9821801	物理防御水晶·5级	10
146086	9821801	物理攻击水晶·5级	9
146086	9821801	物理攻击水晶·6级	1
146086	9821801	血宝石·5级	10
146086	9821801	雷灵珠·4级	10
146086	9821801	水灵珠·3级	4
146086	9821801	水灵珠·4级	1
146086	9821801	法术防御水晶·5级	10
146086	9821801	法术闪避石·4级	1
146086	9821801	法术闪避石·5级	1
146086	9821807	圣灵珠·4级	8
146086	9821807	圣灵珠·5级	2
146086	9821807	紫玛瑙·4级	9
146086	9821807	紫玛瑙·5级	1
146086	9821807	物理防御水晶·4级	5
146086	9821807	物理防御水晶·5级	5
146086	9821807	物理攻击水晶·5级	3
146086	9821807	物理攻击水晶·6级	7
146086	9821807	血宝石·5级	10
146086	9821807	雷灵珠·4级	10
146086	9821807	法术防御水晶·4级	3
146086	9821807	法术防御水晶·5级	7
146086	9821811	物理攻击水晶·1级	1
146086	9821811	物理攻击水晶·3级	1
146086	9821811	物理攻击水晶·4级	1
146086	9821811	血宝石·3级	2
146086	9821811	血宝石·4级	1
146086	9821815	物理攻击水晶·1级	1
146086	9821815	物理攻击水晶·3级	3
146086	9821815	物理攻击水晶·4级	1
146086	9821815	血宝石·4级	1
146086	9821817	血宝石·1级	1
146086	9821817	血宝石·3级	1
146086	9821817	血宝石·4级	2
146086	9821817	法术攻击水晶·3级	2
146086	9821821	血宝石·4级	2
146086	9821821	法术攻击水晶·1级	1
146086	9821821	法术攻击水晶·3级	3
146086	9821822	圣灵珠·5级	10
146086	9821822	物理防御水晶·6级	10
146086	9821822	血宝石·6级	10
146086	9821822	黑玛瑙·5级	6
146086	9821822	毒灵珠·5级	10
146086	9821822	法术防御水晶·5级	1
146086	9821822	法术防御水晶·6级	9
146086	9821822	法术攻击水晶·6级	10
146086	9821822	木灵珠·4级	2
146086	9821822	木灵珠·5级	2
146086	9821840	物理防御水晶·4级	1
146086	9821840	物理攻击水晶·3级	6
146086	9821840	物理攻击水晶·4级	4
146086	9821840	血宝石·3级	5
146086	9821840	血宝石·4级	5
146086	9821853	圣灵珠·2级	2
146086	9821853	圣灵珠·4级	7
146086	9821853	物理防御水晶·5级	10
146086	9821853	血宝石·4级	1
146086	9821853	血宝石·5级	9
146086	9821853	毒灵珠·2级	1
146086	9821853	毒灵珠·4级	8
146086	9821853	毒灵珠·5级	1
146086	9821853	法术防御水晶·4级	9
146086	9821853	法术防御水晶·5级	1
146086	9821853	法术攻击水晶·5级	10
146086	9821924	火灵珠·2级	2
146086	9821924	火灵珠·3级	2
146086	9821924	法术防御水晶·4级	1
146086	9821924	法术攻击水晶·3级	6
146086	9821924	法术攻击水晶·4级	3
146086	9821963	圣灵珠·2级	1
146086	9821963	圣灵珠·3级	2
146086	9821963	圣灵珠·4级	3
146086	9821963	血宝石·4级	9
146086	9821963	血宝石·5级	1
146086	9821963	毒灵珠·3级	6
146086	9821963	毒灵珠·4级	4
146086	9821963	法术防御水晶·4级	10
146086	9821963	法术攻击水晶·4级	6
146086	9821963	法术攻击水晶·5级	4
146086	9821971	圣灵珠·4级	8
146086	9821971	圣灵珠·5级	2
146086	9821971	物理防御水晶·5级	10
146086	9821971	白玛瑙·3级	4
146086	9821971	白玛瑙·4级	4
146086	9821971	白玛瑙·5级	2
146086	9821971	血宝石·5级	4
146086	9821971	血宝石·6级	6
146086	9821971	风灵珠·4级	5
146086	9821971	风灵珠·5级	5
146086	9821971	法术防御水晶·5级	10
146086	9821971	法术攻击水晶·5级	1
146086	9821971	法术攻击水晶·6级	9
146086	9821973	物理防御水晶·3级	3
146086	9821973	物理攻击水晶·3级	2
146086	9821973	物理攻击水晶·4级	2
146086	9821973	血宝石·3级	2
146086	9821973	血宝石·4级	2
146086	9821973	法术攻击水晶·2级	1
146086	9821973	法术攻击水晶·3级	2
146086	9821979	圣灵珠·3级	4
146086	9821979	圣灵珠·4级	6
146086	9821979	紫玛瑙·2级	1
146086	9821979	物理命中眼石·5级	3
146086	9821979	物理防御水晶·5级	10
146086	9821979	物理攻击水晶·5级	5
146086	9821979	物理攻击水晶·6级	5
146086	9821979	血宝石·5级	10
146086	9821979	赤玛瑙·2级	1
146086	9821979	雷灵珠·3级	1
146086	9821979	雷灵珠·4级	6
146086	9821979	雷灵珠·5级	3
146086	9821979	法术防御水晶·5级	10
146086	9822001	圣灵珠·5级	9
146086	9822001	圣灵珠·6级	1
146086	9822001	紫玛瑙·4级	2
146086	9822001	紫玛瑙·5级	5
146086	9822001	紫玛瑙·6级	1
146086	9822001	物理防御水晶·5级	5
146086	9822001	物理防御水晶·6级	5
146086	9822001	物理攻击水晶·6级	9
146086	9822001	物理攻击水晶·7级	1
146086	9822001	血宝石·6级	10
146086	9822001	风灵珠·5级	1
146086	9822001	雷灵珠·5级	10
146086	9822001	水灵珠·5级	1
146086	9822001	法术防御水晶·5级	5
146086	9822001	法术防御水晶·6级	5
146086	9822050	血宝石·1级	1
146086	9822050	血宝石·3级	3
146086	9822051	物理攻击水晶·4级	1
146086	9822051	血宝石·3级	6
146086	9822051	血宝石·4级	2
146086	9822061	物理攻击水晶·1级	2
146086	9822061	物理攻击水晶·3级	2
146086	9822061	物理攻击水晶·4级	1
146086	9822061	血宝石·4级	1
146086	9822065	物理攻击水晶·4级	1
146086	9822065	血宝石·3级	3
146086	9822065	血宝石·4级	1
146086	9822175	物理攻击水晶·1级	1
146086	9822175	物理攻击水晶·3级	1
146086	9822175	血宝石·1级	2
146086	9822175	血宝石·3级	3
146086	9822175	血宝石·4级	3
146086	9822176	物理攻击水晶·3级	1
146086	9822176	血宝石·1级	3
146086	9822176	血宝石·3级	3
146086	9822176	血宝石·4级	3
146086	9822177	物理攻击水晶·3级	1
146086	9822177	血宝石·1级	2
146086	9822177	血宝石·3级	4
146086	9822177	血宝石·4级	3
146086	9822178	物理攻击水晶·3级	1
146086	9822178	血宝石·1级	3
146086	9822178	血宝石·3级	3
146086	9822178	血宝石·4级	3
146086	9822179	物理攻击水晶·3级	1
146086	9822179	血宝石·1级	3
146086	9822179	血宝石·3级	3
146086	9822179	血宝石·4级	3
146086	9822180	物理攻击水晶·3级	1
146086	9822180	血宝石·1级	3
146086	9822180	血宝石·3级	3
146086	9822180	血宝石·4级	3
146086	9822181	物理攻击水晶·3级	1
146086	9822181	血宝石·1级	3
146086	9822181	血宝石·3级	3
146086	9822181	血宝石·4级	3
146086	9822182	物理攻击水晶·3级	1
146086	9822182	血宝石·1级	3
146086	9822182	血宝石·3级	3
146086	9822182	血宝石·4级	3
146086	9822183	物理攻击水晶·3级	1
146086	9822183	血宝石·1级	2
146086	9822183	血宝石·3级	4
146086	9822183	血宝石·4级	3
146086	9822184	物理攻击水晶·3级	1
146086	9822184	血宝石·1级	3
146086	9822184	血宝石·3级	3
146086	9822184	血宝石·4级	3
146086	9822185	物理攻击水晶·3级	1
146086	9822185	血宝石·1级	2
146086	9822185	血宝石·3级	4
146086	9822185	血宝石·4级	3
146086	9822186	物理攻击水晶·3级	1
146086	9822186	血宝石·1级	3
146086	9822186	血宝石·3级	3
146086	9822186	血宝石·4级	3
146086	9822265	圣灵珠·4级	2
146086	9822265	圣灵珠·5级	7
146086	9822265	圣灵珠·6级	1
146086	9822265	物理防御水晶·6级	5
146086	9822265	血宝石·6级	10
146086	9822265	黑玛瑙·4级	2
146086	9822265	黑玛瑙·5级	8
146086	9822265	毒灵珠·4级	2
146086	9822265	毒灵珠·5级	7
146086	9822265	毒灵珠·6级	1
146086	9822265	法术命中眼石·6级	5
146086	9822265	法术防御水晶·6级	5
146086	9822265	法术闪避石·6级	5
146086	9822265	法术攻击水晶·6级	10
146086	9822304	圣灵珠·4级	9
146086	9822304	圣灵珠·5级	1
146086	9822304	火灵珠·4级	3
146086	9822304	火灵珠·5级	7
146086	9822304	物理防御水晶·5级	10
146086	9822304	物理攻击水晶·6级	10
146086	9822304	血宝石·5级	9
146086	9822304	血宝石·6级	1
146086	9822304	法术防御水晶·5级	10
146086	9822304	木灵珠·3级	2
146086	9822304	木灵珠·4级	1
146086	9822679	圣灵珠·3级	3
146086	9822679	圣灵珠·4级	2
146086	9822679	火灵珠·4级	5
146086	9822679	火灵珠·5级	1
146086	9822679	物理防御水晶·4级	3
146086	9822679	物理防御水晶·5级	7
146086	9822679	物理攻击水晶·5级	7
146086	9822679	物理攻击水晶·6级	3
146086	9822679	血宝石·5级	10
146086	9822679	法术防御水晶·4级	2
146086	9822679	法术防御水晶·5级	8
146086	9822764	物理闪避石·3级	2
146086	9822764	物理攻击水晶·4级	1
146086	9822764	血宝石·5级	2
146086	9822764	法力宝石·4级	1
146086	9822764	法术闪避石·2级	2
146086	9822764	法术闪避石·3级	2
146086	9822765	物理闪避石·4级	1
146086	9822765	物理攻击水晶·4级	1
146086	9822765	血宝石·5级	2
146086	9822765	法力宝石·4级	1
146086	9822765	法术闪避石·1级	1
146086	9822765	法术闪避石·2级	2
146086	9822765	法术闪避石·3级	1
146086	9822766	物理攻击水晶·5级	1
146086	9822766	血宝石·5级	2
146086	9822766	法力宝石·1级	2
146086	9822767	物理攻击水晶·5级	1
146086	9822767	血宝石·5级	2
146086	9822767	法力宝石·1级	1
146086	9822767	法力宝石·2级	1
146086	9822767	法力宝石·3级	1
146086	9822772	物理攻击水晶·4级	1
146086	9822772	血宝石·3级	1
146086	9822772	血宝石·5级	2
146086	9822772	法力宝石·4级	1
146086	9822772	法术防御水晶·4级	1
146086	9822772	法术闪避石·1级	1
146086	9822772	法术闪避石·2级	1
146086	9822773	物理攻击水晶·4级	1
146086	9822773	血宝石·5级	2
146086	9822774	物理攻击水晶·3级	1
146086	9822774	血宝石·5级	2
146086	9822774	法力宝石·2级	1
146086	9822774	法力宝石·5级	1
146086	9822774	法术闪避石·2级	2
146086	9822775	物理闪避石·4级	1
146086	9822775	物理攻击水晶·3级	1
146086	9822775	血宝石·3级	1
146086	9822775	血宝石·5级	1
146086	9822775	法力宝石·4级	2
146086	9822775	法术闪避石·2级	1
146086	9822775	法术闪避石·3级	2
146086	9822775	法术攻击水晶·5级	1
146086	9822776	物理闪避石·4级	1
146086	9822776	物理攻击水晶·4级	1
146086	9822776	血宝石·5级	2
146086	9822776	法力宝石·4级	1
146086	9822776	法术闪避石·2级	1
146086	9822776	法术闪避石·3级	3
146086	9822777	物理攻击水晶·5级	1
146086	9822777	血宝石·5级	2
146086	9822777	法力宝石·2级	1
146086	9822777	法力宝石·3级	1
146086	9822778	物理攻击水晶·4级	1
146086	9822778	血宝石·5级	2
146086	9822778	法力宝石·4级	1
146086	9822778	法术命中眼石·4级	1
146086	9822778	法术闪避石·3级	3
146086	9822779	物理闪避石·4级	1
146086	9822779	物理攻击水晶·5级	1
146086	9822779	血宝石·3级	1
146086	9822779	血宝石·5级	1
146086	9822779	法力宝石·4级	1
146086	9822779	法术命中眼石·4级	1
146086	9822779	法术闪避石·1级	1
146086	9822779	法术闪避石·3级	3
146086	9822849	圣灵珠·3级	4
146086	9822849	圣灵珠·4级	6
146086	9822849	物理防御水晶·5级	10
146086	9822849	血宝石·4级	8
146086	9822849	血宝石·5级	2
146086	9822849	黑玛瑙·3级	2
146086	9822849	毒灵珠·3级	4
146086	9822849	毒灵珠·4级	4
146086	9822849	毒灵珠·5级	2
146086	9822849	法术命中眼石·3级	1
146086	9822849	法术命中眼石·4级	4
146086	9822849	法术防御水晶·4级	1
146086	9822849	法术防御水晶·5级	9
146086	9822849	法术攻击水晶·6级	10
146086	9823192	血宝石·4级	4
146086	9823192	血宝石·5级	2
146086	9823192	毒灵珠·2级	3
146086	9823192	毒灵珠·3级	1
146086	9823192	法术攻击水晶·3级	1
146086	9823192	法术攻击水晶·4级	8
146086	9823192	法术攻击水晶·5级	1
146086	9823229	圣灵珠·3级	6
146086	9823229	圣灵珠·4级	4
146086	9823229	物理防御水晶·5级	10
146086	9823229	血宝石·5级	10
146086	9823229	毒灵珠·4级	10
146086	9823229	法术防御水晶·5级	10
146086	9823229	法术攻击水晶·5级	9
146086	9823229	法术攻击水晶·6级	1
146086	9823229	木灵珠·3级	4
146086	9823413	圣灵珠·4级	5
146086	9823413	圣灵珠·5级	5
146086	9823413	物理防御水晶·5级	10
146086	9823413	血宝石·5级	10
146086	9823413	黑玛瑙·4级	6
146086	9823413	黑玛瑙·5级	4
146086	9823413	毒灵珠·4级	4
146086	9823413	毒灵珠·5级	6
146086	9823413	法术防御水晶·5级	10
146086	9823413	法术攻击水晶·5级	1
146086	9823413	法术攻击水晶·6级	9
146086	9823569	物理攻击水晶·4级	1
146086	9823569	血宝石·3级	5
146086	9823569	血宝石·4级	2
146086	9823570	物理攻击水晶·3级	1
146086	9823570	血宝石·3级	4
146086	9823570	血宝石·4级	3
146086	9823571	血宝石·3级	5
146086	9823571	血宝石·4级	3
146086	9823572	血宝石·3级	5
146086	9823572	血宝石·4级	3
146086	9823648	物理防御水晶·3级	2
146086	9823648	血宝石·3级	1
146086	9823648	血宝石·4级	9
146086	9823648	风灵珠·3级	1
146086	9823648	赤玛瑙·1级	1
146086	9823648	水灵珠·1级	1
146086	9823648	水灵珠·2级	4
146086	9823648	水灵珠·3级	1
146086	9823648	法术防御水晶·3级	1
146086	9823648	法术防御水晶·4级	2
146086	9823648	法术攻击水晶·4级	7
146086	9823648	法术攻击水晶·5级	3
146086	9823772	圣灵珠·3级	8
146086	9823772	圣灵珠·4级	2
146086	9823772	物理防御水晶·4级	1
146086	9823772	血宝石·4级	5
146086	9823772	血宝石·5级	5
146086	9823772	毒灵珠·3级	9
146086	9823772	毒灵珠·4级	1
146086	9823772	法术防御水晶·4级	3
146086	9823772	法术攻击水晶·4级	4
146086	9823772	法术攻击水晶·5级	6
146086	9823786	物理防御水晶·3级	2
146086	9823786	物理攻击水晶·3级	1
146086	9823786	物理攻击水晶·4级	9
146086	9823786	血宝石·3级	2
146086	9823786	血宝石·4级	8
146086	9823816	圣灵珠·3级	7
146086	9823816	圣灵珠·4级	3
146086	9823816	血宝石·5级	10
146086	9823816	赤玛瑙·2级	1
146086	9823816	毒灵珠·3级	9
146086	9823816	毒灵珠·4级	1
146086	9823816	法力宝石·4级	2
146086	9823816	法术攻击水晶·4级	3
146086	9823945	血宝石·3级	5
146086	9823945	血宝石·4级	3
146086	9823948	血宝石·3级	5
146086	9823948	血宝石·4级	3
146086	9823950	物理攻击水晶·3级	1
146086	9823950	血宝石·3级	4
146086	9823950	血宝石·4级	3
146086	9823951	物理攻击水晶·4级	1
146086	9823951	血宝石·3级	5
146086	9823951	血宝石·4级	2
146086	9824144	物理攻击水晶·3级	1
146086	9824144	血宝石·4级	1
146086	9824259	血宝石·1级	3
146086	9824259	血宝石·3级	3
146086	9824259	血宝石·4级	1
146086	9824261	物理攻击水晶·3级	1
146086	9824261	血宝石·3级	2
146086	9824261	血宝石·4级	2
146086	9824467	圣灵珠·1级	2
146086	9824467	圣灵珠·2级	1
146086	9824467	圣灵珠·3级	1
146086	9824467	圣灵珠·4级	2
146086	9824467	物理防御水晶·4级	3
146086	9824467	物理防御水晶·5级	7
146086	9824467	血宝石·5级	10
146086	9824467	黑玛瑙·3级	2
146086	9824467	毒灵珠·1级	1
146086	9824467	毒灵珠·3级	3
146086	9824467	毒灵珠·4级	2
146086	9824467	毒灵珠·5级	1
146086	9824467	法术防御水晶·4级	2
146086	9824467	法术防御水晶·5级	8
146086	9824467	法术攻击水晶·5级	10
146086	9825944	物理命中眼石·1级	1
146086	9825944	血宝石·1级	3
146086	9825944	血宝石·3级	1
146086	9825944	血宝石·4级	3
146086	9825944	法术攻击水晶·3级	2
146086	9826400	圣灵珠·3级	5
146086	9826400	圣灵珠·4级	5
146086	9826400	物理防御水晶·5级	10
146086	9826400	血宝石·5级	10
146086	9826400	风灵珠·4级	10
146086	9826400	水灵珠·4级	2
146086	9826400	法术命中眼石·4级	2
146086	9826400	法术命中眼石·5级	3
146086	9826400	法术防御水晶·4级	1
146086	9826400	法术防御水晶·5级	9
146086	9826400	法术攻击水晶·5级	10
146086	9826406	圣灵珠·4级	10
146086	9826406	物理防御水晶·5级	10
146086	9826406	白玛瑙·3级	4
146086	9826406	白玛瑙·4级	6
146086	9826406	血宝石·5级	10
146086	9826406	风灵珠·4级	9
146086	9826406	风灵珠·5级	1
146086	9826406	蓝玛瑙·3级	2
146086	9826406	法术防御水晶·5级	8
146086	9826406	法术攻击水晶·6级	10
146086	9826639	物理防御水晶·3级	2
146086	9826639	血宝石·3级	1
146086	9826639	血宝石·4级	7
146086	9826639	血宝石·5级	1
146086	9826639	毒灵珠·2级	1
146086	9826639	毒灵珠·3级	3
146086	9826639	法术防御水晶·3级	1
146086	9826639	法术攻击水晶·4级	5
146086	9826639	法术攻击水晶·5级	4
146086	9828270	圣灵珠·2级	2
146086	9828270	火灵珠·1级	1
146086	9828270	火灵珠·2级	1
146086	9828270	火灵珠·3级	1
146086	9828270	物理防御水晶·3级	1
146086	9828270	物理攻击水晶·4级	1
146086	9828270	血宝石·3级	3
146086	9828270	血宝石·4级	5
146086	9828270	血宝石·5级	1
146086	9828270	风灵珠·1级	1
146086	9828270	毒灵珠·3级	1
146086	9828270	水灵珠·2级	1
146086	9828270	法力宝石·4级	2
146086	9828270	法术防御水晶·4级	1
146086	9828270	法术攻击水晶·4级	1
146086	9828651	物理攻击水晶·1级	1
146086	9828651	物理攻击水晶·2级	2
146086	9828651	物理攻击水晶·3级	1
146086	9828651	物理攻击水晶·4级	2
146086	9828651	物理攻击水晶·5级	1
146086	9828651	血宝石·2级	3
146086	9828651	血宝石·3级	5
146086	9829128	圣灵珠·3级	2
146086	9829128	物理防御水晶·4级	3
146086	9829128	血宝石·4级	7
146086	9829128	血宝石·5级	3
146086	9829128	毒灵珠·4级	1
146086	9829128	法术命中眼石·4级	2
146086	9829128	法术防御水晶·4级	2
146086	9829128	法术闪避石·4级	1
146086	9829128	法术攻击水晶·4级	9
146086	9829128	法术攻击水晶·5级	1
146086	9830904	火灵珠·2级	1
146086	9830904	物理命中眼石·4级	1
146086	9830904	物理命中眼石·5级	2
146086	9830904	物理防御水晶·5级	1
146086	9830904	物理闪避石·4级	1
146086	9830904	物理攻击水晶·5级	1
146086	9830904	血宝石·4级	7
146086	9830904	血宝石·5级	3
146086	9830904	雷灵珠·2级	1
146086	9830904	毒灵珠·2级	1
146086	9830904	水灵珠·2级	2
146086	9830904	水灵珠·3级	1
146086	9830904	法力宝石·4级	1
146086	9830904	法术命中眼石·4级	2
146086	9830904	法术命中眼石·5级	1
146086	9830904	法术闪避石·5级	1
146086	9830904	法术攻击水晶·4级	4
146086	9831198	圣灵珠·3级	2
146086	9831198	圣灵珠·4级	4
146086	9831198	物理防御水晶·4级	2
146086	9831198	物理防御水晶·5级	8
146086	9831198	白玛瑙·2级	1
146086	9831198	血宝石·5级	10
146086	9831198	风灵珠·3级	1
146086	9831198	风灵珠·4级	9
146086	9831198	法术攻击水晶·5级	10
146086	9831770	火灵珠·2级	2
146086	9831770	火灵珠·3级	1
146086	9831770	物理防御水晶·3级	1
146086	9831770	物理防御水晶·5级	2
146086	9831770	血宝石·4级	1
146086	9831770	血宝石·5级	8
146086	9831770	风灵珠·3级	4
146086	9831770	风灵珠·4级	1
146086	9831770	雷灵珠·2级	1
146086	9831770	毒灵珠·2级	1
146086	9831770	毒灵珠·3级	1
146086	9831770	水灵珠·3级	3
146086	9831770	法术命中眼石·4级	1
146086	9831770	法术防御水晶·4级	2
146086	9831770	法术攻击水晶·3级	1
146086	9831770	法术攻击水晶·4级	2
146086	9831770	法术攻击水晶·5级	3
146086	9831770	木灵珠·2级	1
146086	9831770	木灵珠·3级	1
146086	9831932	圣灵珠·3级	2
146086	9831932	圣灵珠·4级	8
146086	9831932	物理防御水晶·5级	10
146086	9831932	血宝石·5级	10
146086	9831932	黑玛瑙·3级	1
146086	9831932	黑玛瑙·4级	1
146086	9831932	毒灵珠·3级	1
146086	9831932	毒灵珠·4级	7
146086	9831932	毒灵珠·5级	1
146086	9831932	法术防御水晶·4级	2
146086	9831932	法术防御水晶·5级	1
146086	9831932	法术攻击水晶·5级	10
146086	9832503	圣灵珠·2级	2
146086	9832503	圣灵珠·3级	4
146086	9832503	圣灵珠·5级	1
146086	9832503	物理防御水晶·4级	2
146086	9832503	物理防御水晶·5级	5
146086	9832503	血宝石·4级	3
146086	9832503	血宝石·5级	5
146086	9832503	血宝石·6级	2
146086	9832503	毒灵珠·3级	1
146086	9832503	毒灵珠·4级	2
146086	9832503	毒灵珠·5级	1
146086	9832503	法术防御水晶·4级	5
146086	9832503	法术防御水晶·5级	2
146086	9832503	法术攻击水晶·5级	10
146086	9832746	血宝石·1级	3
146086	9832746	血宝石·2级	3
146086	9832746	血宝石·3级	3
146086	9832746	血宝石·4级	1
146086	9832822	血宝石·3级	1
146086	9832822	风灵珠·4级	3
146086	9832822	法术攻击水晶·5级	1
146086	9832822	法术攻击水晶·6级	1
146086	9833023	血宝石·1级	5
146086	9833023	血宝石·2级	2
146086	9833023	血宝石·3级	3
146086	9833605	圣灵珠·3级	10
146086	9833605	血宝石·5级	10
146086	9833605	风灵珠·3级	1
146086	9833605	风灵珠·4级	3
146086	9833605	赤玛瑙·2级	1
146086	9833605	水灵珠·3级	1
146086	9833605	水灵珠·4级	4
146086	9833605	法术命中眼石·5级	3
146086	9833605	法术防御水晶·5级	3
146086	9833605	法术攻击水晶·5级	10
146086	9833770	火灵珠·1级	1
146086	9833770	血宝石·3级	6
146086	9833770	血宝石·4级	1
146086	9833770	风灵珠·1级	1
146086	9833770	雷灵珠·1级	1
146086	9833770	毒灵珠·1级	3
146086	9833770	水灵珠·1级	1
146086	9833770	法力宝石·1级	1
146086	9833770	法术命中眼石·3级	1
146086	9833770	法术防御水晶·1级	1
146086	9833770	法术攻击水晶·1级	1
146086	9833770	木灵珠·1级	2
146086	9833774	物理命中眼石·1级	1
146086	9833774	物理防御水晶·1级	1
146086	9833774	物理攻击水晶·3级	1
146086	9833774	物理攻击水晶·4级	1
146086	9833774	血宝石·1级	3
146086	9833774	血宝石·2级	2
146086	9833774	血宝石·4级	3
146086	9833774	血宝石·5级	2
146086	9833774	法力宝石·1级	2
146086	9833774	法术命中眼石·1级	1
146086	9833774	法术攻击水晶·4级	1
146086	9834333	圣灵珠·3级	5
146086	9834333	圣灵珠·4级	5
146086	9834333	物理防御水晶·4级	4
146086	9834333	物理防御水晶·5级	1
146086	9834333	血宝石·5级	10
146086	9834333	毒灵珠·4级	8
146086	9834333	毒灵珠·5级	1
146086	9834333	法术防御水晶·4级	7
146086	9834333	法术攻击水晶·4级	1
146086	9834333	法术攻击水晶·5级	9
146086	9836139	圣灵珠·3级	3
146086	9836139	圣灵珠·4级	7
146086	9836139	火灵珠·3级	2
146086	9836139	火灵珠·4级	7
146086	9836139	火灵珠·5级	1
146086	9836139	物理命中眼石·3级	1
146086	9836139	物理防御水晶·3级	6
146086	9836139	物理防御水晶·4级	4
146086	9836139	物理攻击水晶·5级	1
146086	9836139	物理攻击水晶·6级	9
146086	9836139	血宝石·4级	10
146086	9836139	赤玛瑙·3级	2
146086	9836139	法术防御水晶·3级	8
146086	9836139	法术防御水晶·4级	2
146086	9837551	火灵珠·2级	1
146086	9837551	物理防御水晶·2级	1
146086	9837551	物理防御水晶·5级	1
146086	9837551	物理攻击水晶·2级	1
146086	9837551	物理攻击水晶·3级	1
146086	9837551	物理攻击水晶·4级	1
146086	9837551	血宝石·1级	3
146086	9837551	血宝石·2级	3
146086	9837551	血宝石·3级	2
146086	9837551	血宝石·4级	2
146086	9837551	赤玛瑙·1级	1
146086	9837551	毒灵珠·1级	1
146086	9837551	法力宝石·3级	2
146086	9837551	法术防御水晶·3级	1
146086	9837551	法术防御水晶·4级	1
146086	9837551	法术攻击水晶·2级	1
146086	9837551	法术攻击水晶·4级	2
146086	9837551	木灵珠·1级	1
146086	9837551	木灵珠·3级	1
146086	9838631	圣灵珠·1级	1
146086	9838631	圣灵珠·2级	6
146086	9838631	圣灵珠·4级	1
146086	9838631	火灵珠·4级	1
146086	9838631	物理防御水晶·4级	2
146086	9838631	物理闪避石·4级	1
146086	9838631	物理攻击水晶·4级	2
146086	9838631	血宝石·4级	1
146086	9838631	血宝石·5级	4
146086	9838631	毒灵珠·3级	1
146086	9838631	水灵珠·3级	1
146086	9838631	法力宝石·4级	2
146086	9838631	法术命中眼石·4级	1
146086	9838631	法术防御水晶·4级	1
146086	9838631	法术防御水晶·5级	1
146086	9838631	法术闪避石·5级	1
146086	9838631	法术攻击水晶·4级	2
146086	9838631	木灵珠·4级	1
146086	9839980	物理防御水晶·3级	1
146086	9839980	物理防御水晶·4级	1
146086	9839980	物理攻击水晶·3级	1
146086	9839980	血宝石·3级	6
146086	9839980	血宝石·4级	4
146086	9839980	风灵珠·2级	1
146086	9839980	水灵珠·2级	3
146086	9839980	水灵珠·3级	1
146086	9839980	法术防御水晶·3级	2
146086	9839980	法术攻击水晶·3级	2
146086	9839980	法术攻击水晶·4级	2
146086	9840735	圣灵珠·3级	2
146086	9840735	圣灵珠·4级	1
146086	9840735	物理防御水晶·5级	1
146086	9840735	血宝石·4级	1
146086	9840735	血宝石·5级	9
146086	9840735	风灵珠·3级	1
146086	9840735	风灵珠·4级	3
146086	9840735	水灵珠·4级	1
146086	9840735	法术攻击水晶·4级	9
146086	9840735	法术攻击水晶·5级	1
146086	9844467	物理闪避石·1级	1
146086	9844467	物理攻击水晶·3级	1
146086	9844467	血宝石·1级	3
146086	9844467	血宝石·2级	2
146086	9844467	血宝石·3级	4
146086	9844467	血宝石·4级	1
146086	9844467	法术命中眼石·1级	1
146086	9844467	法术防御水晶·1级	1
146086	9844632	圣灵珠·1级	2
146086	9844632	圣灵珠·3级	2
146086	9844632	圣灵珠·4级	6
146086	9844632	物理防御水晶·5级	10
146086	9844632	白玛瑙·1级	3
146086	9844632	白玛瑙·2级	4
146086	9844632	血宝石·5级	10
146086	9844632	风灵珠·3级	3
146086	9844632	风灵珠·4级	7
146086	9844632	法术防御水晶·5级	10
146086	9844632	法术闪避石·4级	1
146086	9844632	法术闪避石·5级	2
146086	9844632	法术攻击水晶·5级	10
146086	9844907	圣灵珠·2级	1
146086	9844907	火灵珠·1级	2
146086	9844907	绿玛瑙·1级	1
146086	9844907	血宝石·2级	1
146086	9844907	血宝石·3级	2
146086	9844907	血宝石·4级	2
146086	9844907	血宝石·5级	5
146086	9844907	黑玛瑙·2级	1
146086	9844907	毒灵珠·1级	2
146086	9844907	毒灵珠·2级	3
146086	9844907	毒灵珠·3级	1
146086	9844907	毒灵珠·4级	1
146086	9844907	法术防御水晶·1级	1
146086	9844907	法术防御水晶·2级	1
146086	9844907	法术防御水晶·3级	1
146086	9844907	法术防御水晶·4级	1
146086	9844907	法术攻击水晶·2级	1
146086	9844907	法术攻击水晶·3级	1
146086	9844907	法术攻击水晶·4级	1
146086	9844942	火灵珠·4级	1
146086	9844942	物理攻击水晶·5级	5
146086	9844942	物理攻击水晶·6级	1
146086	9845224	圣灵珠·3级	6
146086	9845224	圣灵珠·4级	4
146086	9845224	物理防御水晶·4级	6
146086	9845224	物理防御水晶·5级	4
146086	9845224	血宝石·5级	10
146086	9845224	黑玛瑙·2级	1
146086	9845224	毒灵珠·3级	3
146086	9845224	毒灵珠·4级	7
146086	9845224	法术防御水晶·3级	1
146086	9845224	法术防御水晶·4级	9
146086	9845224	法术攻击水晶·5级	10
146086	9845279	血宝石·1级	7
146086	9845279	血宝石·2级	1
146086	9845279	血宝石·4级	2
146086	9845791	火灵珠·2级	6
146086	9845791	火灵珠·3级	3
146086	9845791	物理防御水晶·4级	3
146086	9845791	物理攻击水晶·3级	1
146086	9845791	物理攻击水晶·4级	2
146086	9845791	血宝石·4级	9
146086	9845791	血宝石·5级	1
146086	9845791	赤玛瑙·1级	1
146086	9845791	赤玛瑙·2级	1
146086	9845791	赤玛瑙·3级	1
146086	9845791	毒灵珠·2级	1
146086	9845791	毒灵珠·3级	1
146086	9845791	法术防御水晶·4级	1
146086	9845791	法术攻击水晶·4级	10
146086	9846481	物理防御水晶·4级	1
146086	9846481	物理闪避石·4级	2
146086	9846481	物理攻击水晶·4级	7
146086	9846481	血宝石·4级	9
146086	9846481	血宝石·5级	1
146086	9846481	水灵珠·3级	1
146086	9846481	水灵珠·4级	1
146086	9846481	法力宝石·4级	3
146086	9846481	法术攻击水晶·3级	1
146086	9846481	法术攻击水晶·4级	6
146086	9846839	圣灵珠·2级	2
146086	9846839	火灵珠·2级	6
146086	9846839	火灵珠·3级	1
146086	9846839	物理攻击水晶·4级	10
146086	9846839	血宝石·2级	4
146086	9846839	血宝石·3级	3
146086	9846945	圣灵珠·3级	10
146086	9846945	血宝石·4级	10
146086	9846945	风灵珠·3级	3
146086	9846945	风灵珠·4级	2
146086	9846945	法术攻击水晶·4级	7
146086	9846945	法术攻击水晶·5级	3
146086	9847614	圣灵珠·3级	6
146086	9847614	圣灵珠·4级	1
146086	9847614	物理防御水晶·4级	1
146086	9847614	物理闪避石·4级	1
146086	9847614	物理攻击水晶·4级	2
146086	9847614	物理攻击水晶·5级	5
146086	9847614	血宝石·4级	6
146086	9847614	血宝石·5级	3
146086	9847614	血宝石·6级	1
146086	9847614	雷灵珠·2级	1
146086	9847614	雷灵珠·3级	6
146086	9847614	雷灵珠·4级	3
146086	9847614	法术防御水晶·4级	3
146086	9849219	圣灵珠·2级	1
146086	9849219	圣灵珠·3级	3
146086	9849219	圣灵珠·4级	1
146086	9849219	物理防御水晶·4级	1
146086	9849219	血宝石·4级	4
146086	9849219	血宝石·5级	6
146086	9849219	风灵珠·3级	5
146086	9849219	风灵珠·4级	2
146086	9849219	法术攻击水晶·4级	4
146086	9849219	法术攻击水晶·5级	4
146086	9850976	物理攻击水晶·3级	7
146086	9850976	物理攻击水晶·4级	3
146086	9850976	血宝石·3级	1
146086	9850976	血宝石·4级	1
146086	9858856	物理命中眼石·4级	3
146086	9858856	物理攻击水晶·5级	2
146086	9858856	血宝石·4级	7
146086	9858856	血宝石·5级	1
146086	9858856	水灵珠·3级	4
146086	9858856	法力宝石·4级	2
146086	9858856	法术命中眼石·4级	4
146086	9858856	法术攻击水晶·4级	3
146086	9871903	圣灵珠·2级	2
146086	9871903	物理防御水晶·3级	4
146086	9871903	血宝石·4级	4
146086	9871903	血宝石·5级	6
146086	9871903	法术防御水晶·2级	2
146086	9871903	法术防御水晶·3级	7
146086	9871903	法术防御水晶·4级	1
146086	9871903	法术攻击水晶·2级	2
146086	9871903	法术攻击水晶·3级	5
146086	9873702	血宝石·1级	4
146086	9873702	血宝石·2级	2
146086	9873702	血宝石·3级	3
146086	9873702	血宝石·4级	1
146086	9875216	火灵珠·1级	1
146086	9875216	火灵珠·2级	4
146086	9875216	物理攻击水晶·1级	1
146086	9875216	物理攻击水晶·2级	1
146086	9875216	物理攻击水晶·3级	2
146086	9875216	血宝石·2级	1
146086	9875216	血宝石·3级	8
146086	9875216	血宝石·4级	1
146086	9875228	血宝石·4级	1
146086	9875228	血宝石·5级	1
146086	9875228	毒灵珠·4级	2
146086	9875228	法术攻击水晶·4级	3
146086	9875228	法术攻击水晶·5级	2
146086	9875228	法术攻击水晶·6级	1
146086	9892561	物理攻击水晶·3级	3
146086	9892561	物理攻击水晶·4级	1
146086	9892561	物理攻击水晶·5级	1
146086	9892561	血宝石·3级	4
146086	9892561	血宝石·4级	6
146086	9892561	雷灵珠·1级	1
146086	9907952	血宝石·3级	3
146086	9907952	血宝石·4级	1
146086	9912586	圣灵珠·3级	8
146086	9912586	物理防御水晶·1级	1
146086	9912586	物理防御水晶·3级	2
146086	9912586	血宝石·4级	6
146086	9912586	血宝石·5级	4
146086	9912586	毒灵珠·3级	8
146086	9912586	毒灵珠·4级	2
146086	9912586	法术攻击水晶·4级	2
146086	9912586	法术攻击水晶·5级	8
146086	9928173	血宝石·3级	1
146086	9930069	圣灵珠·2级	2
146086	9930069	火灵珠·2级	2
146086	9930069	物理防御水晶·3级	1
146086	9930069	血宝石·4级	9
146086	9930069	毒灵珠·1级	2
146086	9930069	毒灵珠·2级	1
146086	9930069	毒灵珠·3级	1
146086	9930069	法术攻击水晶·2级	1
146086	9930069	法术攻击水晶·3级	2
146086	9930069	法术攻击水晶·4级	2
146086	9950474	圣灵珠·2级	2
146086	9950474	圣灵珠·3级	1
146086	9950474	圣灵珠·4级	2
146086	9950474	物理防御水晶·4级	8
146086	9950474	物理防御水晶·5级	1
146086	9950474	血宝石·4级	4
146086	9950474	血宝石·5级	4
146086	9950474	风灵珠·3级	1
146086	9950474	风灵珠·4级	3
146086	9950474	法术攻击水晶·4级	2
146086	9950474	法术攻击水晶·5级	4
146086	9991229	火灵珠·3级	3
146086	9991229	物理防御水晶·4级	1
146086	9991229	物理攻击水晶·4级	8
146086	9991229	血宝石·4级	10
146086	9995172	圣灵珠·2级	1
146086	9995172	火灵珠·2级	3
146086	9995172	火灵珠·3级	2
146086	9995172	物理防御水晶·4级	1
146086	9995172	物理攻击水晶·3级	2
146086	9995172	物理攻击水晶·4级	4
146086	9995172	物理攻击水晶·5级	1
146086	9995172	血宝石·2级	1
146086	9995172	血宝石·3级	5
146086	9995172	血宝石·4级	4
146086	10016959	血宝石·1级	7
146086	10016959	血宝石·2级	1
146086	10016959	血宝石·3级	1
146086	10016959	血宝石·4级	1
146086	10019393	物理防御水晶·4级	1
146086	10019393	血宝石·3级	2
146086	10019393	血宝石·4级	5
146086	10019393	赤玛瑙·2级	1
146086	10019393	毒灵珠·1级	2
146086	10019393	法术攻击水晶·4级	1
146086	10032414	物理防御水晶·1级	1
146086	10032414	物理攻击水晶·3级	2
146086	10032414	物理攻击水晶·5级	1
146086	10032414	血宝石·3级	4
146086	10032414	血宝石·4级	5
146086	10032414	血宝石·5级	1
146086	10036633	圣灵珠·4级	1
146086	10036633	物理防御水晶·4级	1
146086	10036633	物理防御水晶·5级	3
146086	10036633	血宝石·4级	7
146086	10036633	血宝石·5级	3
146086	10036633	法术防御水晶·4级	7
146086	10036633	法术防御水晶·5级	3
146086	10036633	法术攻击水晶·5级	10
146086	10071395	血宝石·3级	5
146086	10071395	血宝石·4级	1
146086	10086491	物理防御水晶·3级	5
146086	10086491	物理防御水晶·4级	5
146086	10086491	血宝石·3级	6
146086	10086491	血宝石·4级	4
146086	10086491	风灵珠·3级	1
146086	10086491	法术防御水晶·1级	1
146086	10086491	法术攻击水晶·3级	1
146086	10086491	法术攻击水晶·4级	9
146086	10091915	圣灵珠·2级	1
146086	10091915	物理防御水晶·3级	1
146086	10091915	物理防御水晶·4级	9
146086	10091915	血宝石·4级	9
146086	10091915	血宝石·5级	1
146086	10091915	法术防御水晶·4级	1
146086	10091915	法术攻击水晶·4级	9
146086	10091915	法术攻击水晶·5级	1
146086	10092352	圣灵珠·2级	1
146086	10092352	圣灵珠·3级	1
146086	10092352	物理防御水晶·3级	7
146086	10092352	物理攻击水晶·4级	9
146086	10092352	物理攻击水晶·5级	1
146086	10092352	血宝石·4级	10
146086	10092352	雷灵珠·3级	3
146086	10092352	法术防御水晶·3级	1
146086	10101105	血宝石·3级	1
146086	10104939	血宝石·3级	3
146086	10104939	血宝石·4级	4
146086	10104939	血宝石·5级	3
146086	10104939	法术攻击水晶·3级	1
146086	10104939	法术攻击水晶·4级	2
146086	10107715	血宝石·3级	9
146086	10107715	血宝石·4级	1
146086	10114067	血宝石·2级	3
146086	10114067	血宝石·3级	6
146086	10114067	血宝石·4级	1
146086	10133798	圣灵珠·4级	1
146086	10133798	物理防御水晶·4级	6
146086	10133798	物理防御水晶·5级	4
146086	10133798	物理攻击水晶·4级	9
146086	10133798	物理攻击水晶·5级	1
146086	10133798	血宝石·5级	10
146086	10133798	雷灵珠·2级	6
146086	10133798	雷灵珠·3级	3
146086	10133798	雷灵珠·4级	1
146086	10133798	法术防御水晶·4级	1
146086	10138938	物理防御水晶·2级	1
146086	10138938	物理攻击水晶·4级	1
146086	10138938	血宝石·1级	6
146086	10138938	血宝石·3级	2
146086	10138938	血宝石·5级	1
146086	10138938	法力宝石·2级	1
146086	10175693	血宝石·3级	9
146086	10175693	血宝石·4级	1
146086	10175693	法术攻击水晶·4级	3
146086	10175743	物理防御水晶·3级	2
146086	10175743	物理防御水晶·4级	3
146086	10175743	血宝石·2级	2
146086	10175743	血宝石·3级	8
146086	10175743	毒灵珠·2级	2
146086	10175743	法术攻击水晶·3级	7
146086	10175743	法术攻击水晶·4级	2
146086	10175743	法术攻击水晶·5级	1
146086	10223581	血宝石·3级	6
146086	10223581	血宝石·4级	1
146090	9934290	血宝石·1级	2
146090	9934290	血宝石·3级	5
146090	9934290	血宝石·4级	3
146090	9934294	圣灵珠·2级	2
146090	9934294	血宝石·3级	4
146090	9934294	血宝石·4级	3
146090	9934294	法术攻击水晶·4级	1
146090	9934296	物理攻击水晶·1级	3
146090	9934296	物理攻击水晶·3级	1
146090	9934296	物理攻击水晶·4级	1
146090	9934296	血宝石·3级	3
146090	9934296	血宝石·4级	2
146090	9934300	物理攻击水晶·1级	3
146090	9934300	物理攻击水晶·3级	1
146090	9934300	血宝石·3级	3
146090	9934300	血宝石·4级	3
146090	9934488	圣灵珠·2级	1
146090	9934488	火灵珠·1级	2
146090	9934488	物理攻击水晶·2级	3
146090	9934488	物理攻击水晶·3级	5
146090	9934488	血宝石·4级	2
146090	9934488	赤玛瑙·1级	1
146090	9934770	血宝石·3级	1
146090	9934858	圣灵珠·3级	7
146090	9934858	圣灵珠·4级	3
146090	9934858	血宝石·5级	9
146090	9934858	血宝石·6级	1
146090	9934858	毒灵珠·3级	2
146090	9934858	毒灵珠·4级	8
146090	9934858	法术攻击水晶·5级	10
146090	9934915	圣灵珠·2级	5
146090	9934915	圣灵珠·3级	3
146090	9934915	物理防御水晶·4级	2
146090	9934915	物理防御水晶·5级	8
146090	9934915	血宝石·5级	10
146090	9934915	黑玛瑙·3级	1
146090	9934915	毒灵珠·3级	2
146090	9934915	毒灵珠·4级	2
146090	9934915	法术防御水晶·4级	1
146090	9934915	法术防御水晶·5级	9
146090	9934915	法术攻击水晶·5级	9
146090	9934915	法术攻击水晶·6级	1
146090	9935115	圣灵珠·1级	1
146090	9935115	圣灵珠·2级	2
146090	9935115	圣灵珠·3级	6
146090	9935115	圣灵珠·4级	1
146090	9935115	物理防御水晶·3级	10
146090	9935115	血宝石·3级	8
146090	9935115	血宝石·6级	2
146090	9935115	黑玛瑙·1级	2
146090	9935115	毒灵珠·4级	10
146090	9935115	法术攻击水晶·3级	6
146090	9935115	法术攻击水晶·4级	1
146090	9935115	法术攻击水晶·5级	2
146090	9935115	法术攻击水晶·7级	1
146090	9935197	物理攻击水晶·1级	4
146090	9935197	物理攻击水晶·4级	1
146090	9935197	血宝石·3级	2
146090	9935197	血宝石·4级	3
146090	9935198	血宝石·1级	3
146090	9935198	血宝石·3级	4
146090	9935198	血宝石·4级	3
146090	9935202	血宝石·1级	3
146090	9935202	血宝石·3级	4
146090	9935202	血宝石·4级	3
146090	9935203	物理攻击水晶·1级	4
146090	9935203	物理攻击水晶·3级	1
146090	9935203	物理攻击水晶·4级	1
146090	9935203	血宝石·3级	1
146090	9935203	血宝石·4级	3
146090	9935371	圣灵珠·2级	2
146090	9935371	血宝石·3级	5
146090	9935371	血宝石·4级	3
146090	9935373	圣灵珠·2级	2
146090	9935373	物理攻击水晶·3级	1
146090	9935373	血宝石·3级	4
146090	9935373	血宝石·4级	3
146090	9935374	物理攻击水晶·4级	1
146090	9935374	血宝石·3级	6
146090	9935374	血宝石·4级	2
146090	9935375	血宝石·3级	6
146090	9935375	血宝石·4级	3
146090	9935377	圣灵珠·2级	4
146090	9935377	圣灵珠·3级	6
146090	9935377	物理防御水晶·4级	8
146090	9935377	血宝石·5级	10
146090	9935377	黑玛瑙·2级	1
146090	9935377	黑玛瑙·3级	1
146090	9935377	毒灵珠·3级	9
146090	9935377	毒灵珠·4级	1
146090	9935377	法术防御水晶·3级	1
146090	9935377	法术防御水晶·4级	9
146090	9935377	法术攻击水晶·4级	3
146090	9935377	法术攻击水晶·5级	7
146090	9935532	物理攻击水晶·1级	3
146090	9935532	物理攻击水晶·3级	1
146090	9935532	物理攻击水晶·4级	1
146090	9935532	血宝石·3级	2
146090	9935532	血宝石·4级	1
146090	9935593	圣灵珠·4级	10
146090	9935593	物理防御水晶·1级	2
146090	9935593	物理防御水晶·3级	6
146090	9935593	物理防御水晶·4级	1
146090	9935593	血宝石·5级	6
146090	9935593	血宝石·6级	4
146090	9935593	黑玛瑙·2级	1
146090	9935593	黑玛瑙·3级	3
146090	9935593	黑玛瑙·4级	3
146090	9935593	毒灵珠·4级	7
146090	9935593	毒灵珠·5级	3
146090	9935593	法术防御水晶·1级	2
146090	9935593	法术防御水晶·2级	1
146090	9935593	法术防御水晶·3级	5
146090	9935593	法术防御水晶·4级	2
146090	9935593	法术攻击水晶·6级	10
146090	9935593	木灵珠·3级	1
146090	9935593	木灵珠·4级	3
146090	9935656	血宝石·1级	5
146090	9935656	血宝石·4级	5
146090	9935657	圣灵珠·2级	1
146090	9935657	物理攻击水晶·3级	1
146090	9935657	血宝石·1级	5
146090	9935657	血宝石·2级	1
146090	9935657	血宝石·4级	1
146090	9935657	血宝石·5级	1
146090	9935658	血宝石·1级	7
146090	9935658	血宝石·2级	1
146090	9935658	血宝石·4级	1
146090	9935658	血宝石·5级	1
146090	9935659	血宝石·1级	7
146090	9935659	血宝石·2级	1
146090	9935659	血宝石·4级	1
146090	9935659	血宝石·5级	1
146090	9935660	血宝石·1级	5
146090	9935660	血宝石·2级	1
146090	9935660	血宝石·3级	2
146090	9935660	血宝石·4级	1
146090	9935660	血宝石·5级	1
146090	9935661	物理攻击水晶·3级	1
146090	9935661	血宝石·3级	2
146090	9935661	血宝石·4级	2
146090	9935662	血宝石·1级	4
146090	9935662	血宝石·2级	3
146090	9935662	血宝石·4级	2
146090	9935662	血宝石·5级	1
146090	9935664	血宝石·1级	3
146090	9935664	血宝石·2级	4
146090	9935664	血宝石·3级	1
146090	9935664	血宝石·4级	1
146090	9935664	血宝石·5级	1
146090	9935666	血宝石·1级	4
146090	9935666	血宝石·2级	3
146090	9935666	血宝石·4级	2
146090	9935666	血宝石·5级	1
146090	9935670	血宝石·1级	5
146090	9935670	血宝石·4级	5
146090	9935671	血宝石·1级	3
146090	9935671	血宝石·3级	2
146090	9935671	血宝石·4级	5
146090	9935672	物理攻击水晶·3级	1
146090	9935672	血宝石·1级	3
146090	9935672	血宝石·2级	3
146090	9935672	血宝石·3级	1
146090	9935672	血宝石·4级	1
146090	9935672	血宝石·5级	1
146090	9935673	物理攻击水晶·1级	1
146090	9935673	物理攻击水晶·3级	1
146090	9935673	血宝石·1级	1
146090	9935673	血宝石·2级	2
146090	9935673	血宝石·3级	1
146090	9935673	血宝石·4级	4
146090	9935704	物理攻击水晶·3级	1
146090	9936137	圣灵珠·4级	4
146090	9936137	圣灵珠·5级	6
146090	9936137	火灵珠·4级	4
146090	9936137	火灵珠·5级	6
146090	9936137	物理防御水晶·5级	10
146090	9936137	物理攻击水晶·6级	10
146090	9936137	血宝石·6级	10
146090	9936137	赤玛瑙·3级	2
146090	9936137	赤玛瑙·4级	8
146090	9936137	法术防御水晶·5级	8
146090	9936137	法术防御水晶·6级	2
146090	9936283	圣灵珠·2级	5
146090	9936283	火灵珠·3级	2
146090	9936283	物理攻击水晶·4级	4
146090	9936283	物理攻击水晶·5级	1
146090	9936283	血宝石·4级	4
146090	9936283	赤玛瑙·2级	3
146090	9936283	法术防御水晶·3级	1
146090	9936283	法术防御水晶·4级	4
146090	9936335	血宝石·2级	4
146090	9936335	血宝石·3级	3
146090	9936335	血宝石·4级	2
146090	9936335	血宝石·5级	1
146090	9936336	血宝石·2级	5
146090	9936336	血宝石·3级	2
146090	9936336	血宝石·4级	2
146090	9936336	血宝石·5级	1
146090	9936338	血宝石·2级	5
146090	9936338	血宝石·3级	2
146090	9936338	血宝石·4级	2
146090	9936338	血宝石·5级	1
146090	9936339	血宝石·2级	4
146090	9936339	血宝石·3级	3
146090	9936339	血宝石·4级	2
146090	9936339	血宝石·5级	1
146090	9936340	血宝石·1级	1
146090	9936340	血宝石·2级	3
146090	9936340	血宝石·3级	2
146090	9936340	血宝石·4级	3
146090	9936340	法术攻击水晶·3级	1
146090	9936341	血宝石·2级	6
146090	9936341	血宝石·3级	1
146090	9936341	血宝石·4级	2
146090	9936341	血宝石·5级	1
146090	9936342	血宝石·1级	3
146090	9936342	血宝石·2级	2
146090	9936342	血宝石·3级	3
146090	9936342	血宝石·4级	2
146090	9936343	血宝石·1级	5
146090	9936343	血宝石·3级	2
146090	9936343	血宝石·4级	2
146090	9936343	血宝石·5级	1
146090	9936345	血宝石·2级	5
146090	9936345	血宝石·3级	2
146090	9936345	血宝石·4级	2
146090	9936345	血宝石·5级	1
146090	9936346	物理攻击水晶·2级	1
146090	9936346	血宝石·2级	5
146090	9936346	血宝石·3级	1
146090	9936346	血宝石·4级	2
146090	9936346	血宝石·5级	1
146090	9936347	血宝石·2级	4
146090	9936347	血宝石·3级	3
146090	9936347	血宝石·4级	2
146090	9936347	血宝石·5级	1
146090	9936348	血宝石·1级	1
146090	9936348	血宝石·2级	4
146090	9936348	血宝石·3级	2
146090	9936348	血宝石·4级	2
146090	9936348	血宝石·5级	1
146090	9936490	圣灵珠·4级	9
146090	9936490	圣灵珠·5级	1
146090	9936490	火灵珠·4级	4
146090	9936490	火灵珠·5级	6
146090	9936490	物理防御水晶·5级	1
146090	9936490	物理攻击水晶·5级	2
146090	9936490	物理攻击水晶·6级	8
146090	9936490	血宝石·5级	10
146090	9936490	赤玛瑙·3级	1
146090	9936490	赤玛瑙·4级	3
146090	9936490	赤玛瑙·5级	1
146090	9936490	法术防御水晶·5级	10
146090	9936490	木灵珠·3级	2
146090	9936743	血宝石·3级	1
146090	9936849	圣灵珠·4级	1
146090	9936849	圣灵珠·5级	9
146090	9936849	物理防御水晶·5级	4
146090	9936849	物理防御水晶·6级	6
146090	9936849	血宝石·6级	10
146090	9936849	黑玛瑙·3级	1
146090	9936849	黑玛瑙·4级	2
146090	9936849	黑玛瑙·5级	2
146090	9936849	蓝玛瑙·3级	2
146090	9936849	蓝玛瑙·4级	1
146090	9936849	蓝玛瑙·5级	1
146090	9936849	毒灵珠·4级	4
146090	9936849	毒灵珠·5级	3
146090	9936849	法术防御水晶·5级	8
146090	9936849	法术防御水晶·6级	2
146090	9936849	法术攻击水晶·5级	3
146090	9936849	法术攻击水晶·6级	7
146090	9936849	木灵珠·4级	4
146090	9938530	圣灵珠·2级	5
146090	9938530	物理防御水晶·3级	3
146090	9938530	物理防御水晶·4级	3
146090	9938530	白玛瑙·2级	2
146090	9938530	血宝石·5级	10
146090	9938530	风灵珠·2级	2
146090	9938530	风灵珠·3级	4
146090	9938530	法术防御水晶·3级	4
146090	9938530	法术防御水晶·4级	6
146090	9938530	法术攻击水晶·3级	1
146090	9938530	法术攻击水晶·4级	7
146090	9938530	法术攻击水晶·5级	2
146090	9939226	圣灵珠·3级	2
146090	9939226	紫玛瑙·2级	1
146090	9939226	物理防御水晶·5级	1
146090	9939226	物理攻击水晶·4级	6
146090	9939226	物理攻击水晶·5级	2
146090	9939226	血宝石·4级	2
146090	9939226	血宝石·5级	8
146090	9939226	雷灵珠·3级	4
146090	9939226	雷灵珠·4级	1
146090	9939226	法术防御水晶·4级	3
146090	9939765	物理防御水晶·4级	3
146090	9939765	物理防御水晶·5级	1
146090	9939765	血宝石·4级	9
146090	9939765	血宝石·5级	1
146090	9939765	风灵珠·3级	1
146090	9939765	法术防御水晶·4级	8
146090	9939765	法术攻击水晶·4级	6
146090	9939765	法术攻击水晶·5级	4
146090	9940671	物理命中眼石·1级	1
146090	9940671	物理命中眼石·3级	1
146090	9940671	物理攻击水晶·3级	1
146090	9940671	血宝石·1级	3
146090	9940671	血宝石·2级	1
146090	9940671	血宝石·3级	5
146090	9940671	血宝石·4级	1
146090	9940671	法术攻击水晶·1级	1
146090	9941018	圣灵珠·4级	8
146090	9941018	圣灵珠·5级	2
146090	9941018	物理防御水晶·5级	10
146090	9941018	血宝石·5级	10
146090	9941018	黑玛瑙·3级	5
146090	9941018	黑玛瑙·4级	5
146090	9941018	毒灵珠·4级	8
146090	9941018	毒灵珠·5级	2
146090	9941018	法术防御水晶·5级	10
146090	9941018	法术攻击水晶·5级	6
146090	9941018	法术攻击水晶·6级	4
146090	9943052	血宝石·1级	6
146090	9943052	血宝石·2级	1
146090	9943052	血宝石·3级	1
146090	9943052	血宝石·4级	2
146090	9943416	圣灵珠·2级	1
146090	9943416	圣灵珠·3级	9
146090	9943416	物理防御水晶·4级	8
146090	9943416	血宝石·4级	5
146090	9943416	血宝石·5级	5
146090	9943416	风灵珠·4级	3
146090	9943416	法术命中眼石·4级	2
146090	9943416	法术攻击水晶·4级	4
146090	9943416	法术攻击水晶·5级	6
146090	9944210	圣灵珠·3级	4
146090	9944210	圣灵珠·4级	6
146090	9944210	物理防御水晶·3级	1
146090	9944210	物理防御水晶·4级	6
146090	9944210	物理防御水晶·5级	3
146090	9944210	血宝石·5级	10
146090	9944210	黑玛瑙·1级	1
146090	9944210	黑玛瑙·2级	1
146090	9944210	毒灵珠·4级	10
146090	9944210	法术攻击水晶·5级	10
146090	9944224	圣灵珠·2级	1
146090	9944224	圣灵珠·3级	6
146090	9944224	血宝石·4级	5
146090	9944224	血宝石·5级	5
146090	9944224	毒灵珠·2级	1
146090	9944224	毒灵珠·3级	3
146090	9944224	毒灵珠·4级	2
146090	9944224	法术攻击水晶·4级	6
146090	9944224	法术攻击水晶·5级	4
146090	9944616	血宝石·3级	1
146090	9944961	物理闪避石·1级	1
146090	9944961	血宝石·3级	7
146090	9944961	血宝石·4级	3
146090	9944961	法术攻击水晶·1级	2
146090	9944961	法术攻击水晶·2级	2
146090	9944961	法术攻击水晶·3级	1
146090	9945054	圣灵珠·1级	1
146090	9945054	圣灵珠·3级	6
146090	9945054	圣灵珠·4级	1
146090	9945054	火灵珠·3级	3
146090	9945054	火灵珠·4级	4
146090	9945054	物理防御水晶·4级	1
146090	9945054	物理防御水晶·5级	1
146090	9945054	血宝石·5级	10
146090	9945054	法术防御水晶·5级	1
146090	9945054	法术攻击水晶·4级	3
146090	9945054	法术攻击水晶·5级	6
146090	9945079	圣灵珠·3级	5
146090	9945079	圣灵珠·4级	5
146090	9945079	物理防御水晶·4级	2
146090	9945079	物理防御水晶·5级	8
146090	9945079	血宝石·4级	1
146090	9945079	血宝石·5级	9
146090	9945079	风灵珠·4级	9
146090	9945079	法术防御水晶·4级	1
146090	9945079	法术防御水晶·5级	9
146090	9945079	法术攻击水晶·4级	3
146090	9945079	法术攻击水晶·5级	7
146090	9946545	圣灵珠·3级	3
146090	9946545	圣灵珠·4级	5
146090	9946545	紫玛瑙·3级	3
146090	9946545	物理防御水晶·4级	3
146090	9946545	物理防御水晶·5级	1
146090	9946545	物理攻击水晶·5级	10
146090	9946545	血宝石·4级	1
146090	9946545	血宝石·5级	9
146090	9946545	雷灵珠·4级	4
146090	9946545	雷灵珠·5级	1
146090	9946545	法术防御水晶·4级	9
146090	9946545	法术防御水晶·5级	1
146090	9946610	血宝石·1级	3
146090	9946610	血宝石·3级	3
146090	9950571	圣灵珠·2级	4
146090	9950571	圣灵珠·3级	6
146090	9950571	物理攻击水晶·2级	1
146090	9950571	血宝石·4级	2
146090	9950571	血宝石·5级	8
146090	9950571	风灵珠·3级	8
146090	9950571	风灵珠·4级	1
146090	9950571	水灵珠·3级	2
146090	9950683	圣灵珠·2级	1
146090	9950683	圣灵珠·3级	2
146090	9950683	圣灵珠·4级	7
146090	9950683	紫玛瑙·1级	2
146090	9950683	紫玛瑙·2级	2
146090	9950683	紫玛瑙·3级	2
146090	9950683	物理防御水晶·5级	10
146090	9950683	物理攻击水晶·5级	9
146090	9950683	物理攻击水晶·6级	1
146090	9950683	血宝石·5级	9
146090	9950683	血宝石·6级	1
146090	9950683	雷灵珠·4级	10
146090	9950683	法术防御水晶·5级	10
146090	9951404	圣灵珠·3级	2
146090	9951404	圣灵珠·4级	8
146090	9951404	火灵珠·4级	9
146090	9951404	火灵珠·5级	1
146090	9951404	物理防御水晶·4级	4
146090	9951404	物理防御水晶·5级	6
146090	9951404	血宝石·5级	10
146090	9951404	赤玛瑙·3级	10
146090	9951404	法术闪避石·4级	10
146090	9951404	法术攻击水晶·5级	10
146090	9951732	圣灵珠·3级	4
146090	9951732	火灵珠·2级	2
146090	9951732	火灵珠·3级	8
146090	9951732	物理攻击水晶·4级	8
146090	9951732	物理攻击水晶·5级	1
146090	9951732	血宝石·4级	7
146090	9951732	血宝石·5级	1
146090	9953839	血宝石·1级	1
146090	9953839	血宝石·3级	3
146090	9953839	血宝石·4级	1
146090	9954187	圣灵珠·3级	3
146090	9954187	圣灵珠·4级	7
146090	9954187	物理命中眼石·5级	1
146090	9954187	物理防御水晶·5级	9
146090	9954187	物理攻击水晶·5级	9
146090	9954187	物理攻击水晶·6级	1
146090	9954187	血宝石·5级	10
146090	9954187	雷灵珠·4级	9
146090	9954187	雷灵珠·5级	1
146090	9954187	法术防御水晶·5级	10
146090	9954209	物理攻击水晶·4级	1
146090	9954209	血宝石·3级	1
146090	9954209	法术命中眼石·1级	3
146090	9954209	法术攻击水晶·3级	2
146090	9954450	圣灵珠·5级	4
146090	9954450	圣灵珠·6级	6
146090	9954450	物理防御水晶·6级	9
146090	9954450	物理防御水晶·7级	1
146090	9954450	白玛瑙·5级	7
146090	9954450	白玛瑙·6级	3
146090	9954450	血宝石·6级	10
146090	9954450	风灵珠·5级	3
146090	9954450	风灵珠·6级	7
146090	9954450	法术防御水晶·6级	10
146090	9954450	法术攻击水晶·7级	10
146090	9955137	圣灵珠·3级	1
146090	9955137	圣灵珠·4级	7
146090	9955137	圣灵珠·5级	2
146090	9955137	物理防御水晶·5级	8
146090	9955137	物理防御水晶·6级	2
146090	9955137	白玛瑙·3级	4
146090	9955137	白玛瑙·4级	3
146090	9955137	血宝石·6级	10
146090	9955137	风灵珠·4级	8
146090	9955137	风灵珠·5级	2
146090	9955137	水灵珠·4级	3
146090	9955137	法术防御水晶·6级	10
146090	9955137	法术攻击水晶·6级	10
146090	9955981	血宝石·1级	7
146090	9955981	血宝石·2级	1
146090	9955981	血宝石·3级	1
146090	9955981	赤玛瑙·1级	1
146090	9956081	血宝石·1级	2
146090	9956081	血宝石·3级	2
146090	9956081	血宝石·4级	1
146090	9957011	圣灵珠·2级	2
146090	9957011	血宝石·3级	6
146090	9957011	血宝石·4级	4
146090	9957011	法术攻击水晶·4级	1
146090	9957085	血宝石·1级	7
146090	9957085	血宝石·3级	3
146090	9958074	圣灵珠·3级	7
146090	9958074	圣灵珠·4级	1
146090	9958074	物理攻击水晶·4级	1
146090	9958074	物理攻击水晶·5级	9
146090	9958074	血宝石·4级	4
146090	9958074	血宝石·5级	1
146090	9958074	雷灵珠·3级	2
146090	9958074	雷灵珠·4级	6
146090	9959094	圣灵珠·2级	4
146090	9959094	火灵珠·1级	1
146090	9959094	火灵珠·2级	1
146090	9959094	火灵珠·3级	4
146090	9959094	物理防御水晶·4级	1
146090	9959094	物理攻击水晶·3级	1
146090	9959094	物理攻击水晶·4级	6
146090	9959094	物理攻击水晶·5级	1
146090	9959094	血宝石·3级	1
146090	9959094	血宝石·4级	1
146090	9959094	血宝石·5级	2
146090	9959094	毒灵珠·3级	1
146090	9959094	法术防御水晶·4级	1
146090	9959094	法术攻击水晶·3级	2
146090	9959094	法术攻击水晶·4级	2
146090	9959992	圣灵珠·2级	8
146090	9959992	火灵珠·3级	1
146090	9959992	火灵珠·4级	1
146090	9959992	血宝石·4级	9
146090	9959992	血宝石·5级	1
146090	9959992	法术防御水晶·4级	1
146090	9959992	法术防御水晶·5级	1
146090	9959992	法术攻击水晶·4级	9
146090	9959992	法术攻击水晶·5级	1
146090	9960633	血宝石·3级	1
146090	9961489	圣灵珠·4级	9
146090	9961489	圣灵珠·5级	1
146090	9961489	火灵珠·4级	4
146090	9961489	火灵珠·5级	6
146090	9961489	物理命中眼石·5级	4
146090	9961489	物理防御水晶·5级	10
146090	9961489	物理攻击水晶·5级	5
146090	9961489	物理攻击水晶·6级	5
146090	9961489	血宝石·5级	10
146090	9961489	赤玛瑙·3级	3
146090	9961489	赤玛瑙·4级	3
146090	9961489	法术防御水晶·5级	10
146090	9961577	物理攻击水晶·3级	2
146090	9961577	血宝石·1级	3
146090	9961577	血宝石·2级	1
146090	9961577	血宝石·3级	1
146090	9961577	法术防御水晶·4级	1
146090	9961577	法术攻击水晶·2级	1
146090	9962797	圣灵珠·2级	1
146090	9962797	圣灵珠·3级	1
146090	9962797	圣灵珠·4级	6
146090	9962797	物理防御水晶·4级	1
146090	9962797	物理防御水晶·5级	8
146090	9962797	物理防御水晶·6级	1
146090	9962797	血宝石·4级	3
146090	9962797	血宝石·5级	4
146090	9962797	风灵珠·2级	1
146090	9962797	风灵珠·3级	1
146090	9962797	风灵珠·4级	4
146090	9962797	风灵珠·5级	2
146090	9962797	法术命中眼石·4级	1
146090	9962797	法术防御水晶·4级	2
146090	9962797	法术防御水晶·5级	6
146090	9962797	法术攻击水晶·4级	3
146090	9962797	法术攻击水晶·5级	6
146090	9964235	物理闪避石·2级	1
146090	9964235	物理攻击水晶·4级	1
146090	9964235	血宝石·1级	6
146090	9964235	血宝石·4级	1
146090	9964235	法力宝石·3级	1
146090	9964235	法力宝石·4级	1
146090	9964661	圣灵珠·2级	2
146090	9964661	血宝石·4级	7
146090	9964661	血宝石·5级	3
146090	9964661	毒灵珠·3级	1
146090	9964661	法术攻击水晶·4级	1
146090	9964661	法术攻击水晶·5级	1
146090	9964809	圣灵珠·2级	2
146090	9964809	火灵珠·2级	2
146090	9964809	物理命中眼石·3级	1
146090	9964809	物理防御水晶·4级	1
146090	9964809	血宝石·3级	7
146090	9964809	血宝石·4级	3
146090	9964809	法力宝石·3级	2
146090	9964809	法术防御水晶·2级	1
146090	9966878	圣灵珠·3级	5
146090	9966878	圣灵珠·4级	5
146090	9966878	火灵珠·4级	9
146090	9966878	火灵珠·5级	1
146090	9966878	物理防御水晶·4级	1
146090	9966878	物理防御水晶·5级	7
146090	9966878	物理攻击水晶·5级	10
146090	9966878	血宝石·5级	10
146090	9966878	赤玛瑙·3级	1
146090	9966878	赤玛瑙·4级	1
146090	9966878	法术防御水晶·5级	10
146090	9966878	木灵珠·3级	5
146090	9966878	木灵珠·4级	4
146090	9967981	血宝石·2级	3
146090	9967981	血宝石·3级	1
146090	9968069	物理防御水晶·1级	1
146090	9968069	物理闪避石·1级	3
146090	9968069	血宝石·1级	6
146090	9968069	血宝石·2级	1
146090	9968069	血宝石·3级	3
146090	9968069	法力宝石·1级	3
146090	9968069	法术命中眼石·1级	1
146090	9968469	圣灵珠·3级	4
146090	9968469	火灵珠·2级	2
146090	9968469	火灵珠·3级	7
146090	9968469	物理攻击水晶·4级	1
146090	9968469	血宝石·4级	8
146090	9968469	血宝石·5级	1
146090	9968469	法术攻击水晶·4级	6
146090	9968469	法术攻击水晶·5级	4
146090	9968485	物理防御水晶·2级	1
146090	9968485	物理闪避石·3级	1
146090	9968485	血宝石·1级	3
146090	9968485	血宝石·2级	1
146090	9968485	血宝石·3级	2
146090	9968485	法力宝石·3级	2
146090	9968485	法术防御水晶·2级	1
146090	9968776	圣灵珠·2级	1
146090	9968776	火灵珠·2级	1
146090	9968776	物理防御水晶·2级	1
146090	9968776	血宝石·3级	7
146090	9968776	血宝石·4级	3
146090	9968776	风灵珠·1级	1
146090	9968776	雷灵珠·1级	1
146090	9968776	毒灵珠·1级	1
146090	9968776	法术防御水晶·3级	1
146090	9968776	法术闪避石·3级	1
146090	9968776	法术攻击水晶·2级	1
146090	9968776	法术攻击水晶·3级	1
146090	9969308	血宝石·1级	8
146090	9969308	血宝石·2级	1
146090	9969308	血宝石·3级	1
146090	9969308	法术防御水晶·3级	1
146090	9970477	圣灵珠·3级	6
146090	9970477	圣灵珠·4级	1
146090	9970477	紫玛瑙·4级	1
146090	9970477	物理防御水晶·4级	5
146090	9970477	物理防御水晶·5级	5
146090	9970477	物理攻击水晶·5级	10
146090	9970477	血宝石·5级	10
146090	9970477	雷灵珠·2级	1
146090	9970477	雷灵珠·3级	1
146090	9970477	雷灵珠·4级	7
146090	9970477	雷灵珠·5级	1
146090	9970477	法术防御水晶·4级	3
146090	9970477	法术防御水晶·5级	1
146090	9978126	物理防御水晶·3级	3
146090	9978126	物理防御水晶·4级	1
146090	9978126	物理闪避石·3级	2
146090	9978126	物理攻击水晶·3级	1
146090	9978126	物理攻击水晶·4级	1
146090	9978126	血宝石·3级	4
146090	9978126	血宝石·4级	1
146090	9978126	雷灵珠·1级	1
146090	10016871	圣灵珠·2级	2
146090	10016871	火灵珠·2级	2
146090	10016871	物理攻击水晶·3级	1
146090	10016871	血宝石·1级	1
146090	10016871	血宝石·3级	3
146090	10016871	血宝石·4级	1
146090	10027371	血宝石·3级	1
146090	10027371	血宝石·4级	7
146090	10027371	风灵珠·2级	2
146090	10027371	风灵珠·3级	2
146090	10027371	蓝玛瑙·1级	2
146090	10027371	法术攻击水晶·4级	2
146090	10027371	法术攻击水晶·5级	1
146090	10030163	血宝石·1级	4
146090	10030163	血宝石·2级	1
146090	10030163	血宝石·3级	3
146090	10030163	血宝石·4级	2
146090	10030163	法术攻击水晶·2级	1
146090	10034774	圣灵珠·3级	6
146090	10034774	圣灵珠·4级	3
146090	10034774	物理防御水晶·4级	2
146090	10034774	物理防御水晶·5级	7
146090	10034774	血宝石·5级	10
146090	10034774	风灵珠·4级	3
146090	10034774	风灵珠·5级	1
146090	10034774	法术攻击水晶·5级	10
146090	10042997	圣灵珠·4级	10
146090	10042997	紫玛瑙·3级	3
146090	10042997	紫玛瑙·4级	3
146090	10042997	物理防御水晶·5级	10
146090	10042997	物理攻击水晶·5级	6
146090	10042997	物理攻击水晶·6级	4
146090	10042997	血宝石·5级	10
146090	10042997	雷灵珠·4级	7
146090	10042997	雷灵珠·5级	3
146090	10042997	法术防御水晶·5级	10
146090	10048828	圣灵珠·3级	1
146090	10048828	血宝石·4级	10
146090	10048828	毒灵珠·4级	1
146090	10048828	法术防御水晶·3级	1
146090	10048828	法术防御水晶·4级	8
146090	10048828	法术攻击水晶·4级	10
146090	10050353	物理闪避石·1级	1
146090	10050353	血宝石·1级	3
146090	10050353	血宝石·3级	1
146090	10050353	法力宝石·3级	3
146090	10050353	法术攻击水晶·1级	1
146090	10050353	法术攻击水晶·4级	1
146090	10060055	血宝石·3级	7
146090	10060055	血宝石·4级	1
146090	10096749	血宝石·1级	3
146090	10096749	血宝石·3级	3
146090	10096749	血宝石·4级	2
146090	10114425	圣灵珠·2级	1
146090	10114425	血宝石·4级	8
146090	10114425	血宝石·5级	1
146090	10114425	风灵珠·2级	1
146090	10114425	风灵珠·3级	1
146090	10114425	水灵珠·3级	1
146090	10114425	法力宝石·4级	1
146090	10114425	法术攻击水晶·4级	5
146090	10120439	血宝石·3级	3
146090	10120439	血宝石·4级	1
146090	10122032	物理攻击水晶·3级	1
146090	10122032	血宝石·4级	1
146090	10143297	圣灵珠·2级	2
146090	10143297	火灵珠·2级	3
146090	10143297	物理防御水晶·4级	1
146090	10143297	物理攻击水晶·3级	1
146090	10143297	血宝石·2级	3
146090	10143297	血宝石·3级	6
146090	10143297	血宝石·4级	1
146090	10143297	法力宝石·3级	1
146090	10143297	法术命中眼石·3级	2
146090	10235676	圣灵珠·2级	2
146090	10235676	火灵珠·2级	2
146090	10235676	物理攻击水晶·3级	1
146090	10235676	血宝石·3级	3
146090	10235676	血宝石·4级	1
146090	10235677	圣灵珠·2级	2
146090	10235677	火灵珠·2级	2
146090	10235677	物理攻击水晶·3级	1
146090	10235677	血宝石·3级	3
146090	10235677	血宝石·4级	1
146090	10235678	圣灵珠·2级	2
146090	10235678	火灵珠·2级	2
146090	10235678	物理攻击水晶·3级	1
146090	10235678	血宝石·3级	3
146090	10235678	血宝石·4级	1
146090	10235679	圣灵珠·2级	2
146090	10235679	火灵珠·2级	2
146090	10235679	物理攻击水晶·3级	1
146090	10235679	血宝石·3级	3
146090	10235679	血宝石·4级	1
146090	10235681	圣灵珠·2级	2
146090	10235681	火灵珠·2级	2
146090	10235681	物理攻击水晶·3级	1
146090	10235681	血宝石·3级	3
146090	10235681	血宝石·4级	1
146090	10235682	圣灵珠·2级	2
146090	10235682	火灵珠·2级	2
146090	10235682	物理攻击水晶·3级	1
146090	10235682	血宝石·3级	3
146090	10235682	血宝石·4级	1
146090	10235684	圣灵珠·2级	2
146090	10235684	火灵珠·2级	2
146090	10235684	物理攻击水晶·3级	1
146090	10235684	血宝石·3级	3
146090	10235684	血宝石·4级	1
146090	10235686	圣灵珠·2级	2
146090	10235686	火灵珠·2级	2
146090	10235686	物理攻击水晶·3级	1
146090	10235686	血宝石·3级	3
146090	10235686	血宝石·4级	1
146090	10235687	物理攻击水晶·3级	1
146090	10235687	血宝石·4级	1
146090	10235688	物理攻击水晶·3级	1
146090	10235688	血宝石·4级	1
146090	10235689	物理攻击水晶·3级	1
146090	10235689	血宝石·4级	1
146090	10235690	物理攻击水晶·3级	1
146090	10235690	血宝石·4级	1
146090	10235729	物理攻击水晶·3级	1
146090	10235729	血宝石·4级	1
146090	10235730	物理攻击水晶·3级	1
146090	10235730	血宝石·4级	1
146090	10235731	物理攻击水晶·3级	1
146090	10235731	血宝石·4级	1
146090	10235732	圣灵珠·2级	1
146090	10235732	火灵珠·2级	1
146090	10235732	物理攻击水晶·3级	1
146090	10235732	血宝石·3级	1
146090	10235732	血宝石·4级	1
146090	10235733	圣灵珠·2级	1
146090	10235733	火灵珠·2级	1
146090	10235733	物理攻击水晶·3级	1
146090	10235733	血宝石·3级	1
146090	10235733	血宝石·4级	1
146090	10235734	圣灵珠·2级	1
146090	10235734	火灵珠·2级	1
146090	10235734	物理攻击水晶·3级	1
146090	10235734	血宝石·3级	1
146090	10235734	血宝石·4级	1
146090	10235736	圣灵珠·2级	1
146090	10235736	火灵珠·2级	1
146090	10235736	物理攻击水晶·3级	1
146090	10235736	血宝石·3级	1
146090	10235736	血宝石·4级	1
146090	10235737	物理攻击水晶·3级	1
146090	10235737	血宝石·4级	1
146090	10235738	物理攻击水晶·3级	1
146090	10235738	血宝石·4级	1
146090	10235741	物理攻击水晶·3级	1
146090	10235741	血宝石·4级	1
146090	10235742	圣灵珠·2级	1
146090	10235742	火灵珠·2级	1
146090	10235743	物理攻击水晶·3级	1
146090	10235743	血宝石·4级	1
146090	10246034	圣灵珠·2级	5
146090	10246034	血宝石·4级	1
146090	10246034	血宝石·5级	1
146090	10246034	毒灵珠·2级	5
146090	10274683	物理攻击水晶·3级	1
146090	10274683	血宝石·1级	5
146090	10274683	血宝石·3级	2
146090	10274683	血宝石·4级	1
146090	10281853	血宝石·3级	1
146090	10282239	血宝石·2级	1
146090	10282239	血宝石·3级	8
146090	10282239	血宝石·4级	1
146090	10294008	血宝石·3级	9
146090	10294008	血宝石·4级	1
146090	10294008	毒灵珠·2级	1
146090	10294008	法术攻击水晶·2级	1
146090	10294008	法术攻击水晶·3级	1
146090	10309367	血宝石·3级	4
146090	10309367	血宝石·4级	1
153087	9790969	圣灵珠·3级	5
153087	9790969	圣灵珠·4级	4
153087	9790969	物理防御水晶·5级	10
153087	9790969	物理攻击水晶·5级	9
153087	9790969	物理攻击水晶·6级	1
153087	9790969	血宝石·5级	10
153087	9790969	雷灵珠·4级	4
153087	9790969	法术防御水晶·5级	5
153087	9791000	圣灵珠·2级	1
153087	9791000	圣灵珠·3级	2
153087	9791000	圣灵珠·4级	1
153087	9791000	物理防御水晶·4级	5
153087	9791000	血宝石·5级	10
153087	9791000	黑玛瑙·3级	1
153087	9791000	毒灵珠·2级	1
153087	9791000	毒灵珠·3级	5
153087	9791000	毒灵珠·4级	2
153087	9791000	法术防御水晶·4级	5
153087	9791000	法术防御水晶·5级	5
153087	9791000	法术攻击水晶·5级	10
153087	9791510	物理防御水晶·4级	7
153087	9791510	物理攻击水晶·4级	4
153087	9791510	物理攻击水晶·5级	6
153087	9791510	血宝石·4级	7
153087	9791510	血宝石·5级	3
153087	9791510	雷灵珠·4级	3
153087	9791510	雷灵珠·5级	1
153087	9791510	法术防御水晶·4级	7
153087	9791511	圣灵珠·3级	3
153087	9791511	圣灵珠·4级	4
153087	9791511	血宝石·5级	10
153087	9791511	毒灵珠·3级	1
153087	9791511	毒灵珠·4级	3
153087	9791511	毒灵珠·5级	1
153087	9791511	法力宝石·5级	1
153087	9791511	法术防御水晶·4级	1
153087	9791511	法术防御水晶·5级	4
153087	9791511	法术攻击水晶·5级	8
153087	9791511	法术攻击水晶·6级	2
153087	9791524	圣灵珠·3级	7
153087	9791524	圣灵珠·4级	3
153087	9791524	紫玛瑙·3级	1
153087	9791524	物理防御水晶·4级	8
153087	9791524	物理防御水晶·5级	1
153087	9791524	物理攻击水晶·4级	1
153087	9791524	物理攻击水晶·5级	9
153087	9791524	血宝石·4级	2
153087	9791524	血宝石·5级	8
153087	9791524	雷灵珠·3级	3
153087	9791524	雷灵珠·4级	5
153087	9791524	法术防御水晶·4级	7
153087	9792239	圣灵珠·3级	8
153087	9792239	圣灵珠·5级	1
153087	9792239	物理防御水晶·5级	6
153087	9792239	血宝石·5级	10
153087	9792239	风灵珠·4级	7
153087	9792239	法术防御水晶·5级	10
153087	9792239	法术攻击水晶·5级	9
153087	9792239	法术攻击水晶·6级	1
153087	9792273	圣灵珠·3级	2
153087	9792273	圣灵珠·4级	8
153087	9792273	紫玛瑙·3级	1
153087	9792273	紫玛瑙·4级	1
153087	9792273	物理防御水晶·5级	10
153087	9792273	物理攻击水晶·5级	5
153087	9792273	物理攻击水晶·6级	5
153087	9792273	血宝石·5级	10
153087	9792273	雷灵珠·4级	5
153087	9792273	雷灵珠·5级	5
153087	9792273	法术防御水晶·5级	10
153087	9792608	圣灵珠·4级	1
153087	9792608	圣灵珠·5级	1
153087	9792608	物理防御水晶·5级	10
153087	9792608	血宝石·5级	10
153087	9792608	风灵珠·4级	9
153087	9792608	风灵珠·5级	1
153087	9792608	法术防御水晶·5级	10
153087	9792608	法术攻击水晶·5级	9
153087	9792608	法术攻击水晶·6级	1
153087	9794256	血宝石·1级	4
153087	9794256	血宝石·2级	1
153087	9794256	血宝石·3级	5
153087	9794294	圣灵珠·4级	8
153087	9794294	圣灵珠·5级	2
153087	9794294	紫玛瑙·2级	1
153087	9794294	紫玛瑙·3级	5
153087	9794294	紫玛瑙·5级	2
153087	9794294	物理防御水晶·5级	10
153087	9794294	物理攻击水晶·5级	1
153087	9794294	物理攻击水晶·6级	9
153087	9794294	血宝石·5级	10
153087	9794294	雷灵珠·4级	8
153087	9794294	雷灵珠·5级	2
153087	9794294	法术防御水晶·5级	10
153087	9794375	圣灵珠·4级	6
153087	9794375	火灵珠·4级	1
153087	9794375	火灵珠·5级	1
153087	9794375	物理防御水晶·5级	10
153087	9794375	物理攻击水晶·5级	9
153087	9794375	物理攻击水晶·6级	1
153087	9794375	血宝石·5级	10
153087	9794375	法术防御水晶·5级	10
153087	9794375	木灵珠·4级	2
153087	9796128	物理防御水晶·4级	8
153087	9796128	血宝石·4级	1
153087	9796128	血宝石·5级	9
153087	9796128	毒灵珠·4级	1
153087	9796128	毒灵珠·5级	1
153087	9796128	法术防御水晶·4级	4
153087	9796128	法术攻击水晶·4级	9
153087	9796128	法术攻击水晶·5级	1
153087	9797162	圣灵珠·4级	10
153087	9797162	物理防御水晶·5级	10
153087	9797162	白玛瑙·3级	1
153087	9797162	白玛瑙·4级	5
153087	9797162	血宝石·5级	10
153087	9797162	风灵珠·4级	6
153087	9797162	风灵珠·5级	4
153087	9797162	法术防御水晶·5级	10
153087	9797162	法术攻击水晶·5级	3
153087	9797162	法术攻击水晶·6级	7
153087	9797653	血宝石·3级	7
153087	9797653	血宝石·4级	3
153087	9797653	法术攻击水晶·3级	2
153087	9797653	法术攻击水晶·4级	1
153087	9797678	圣灵珠·4级	8
153087	9797678	圣灵珠·5级	2
153087	9797678	紫玛瑙·3级	3
153087	9797678	物理防御水晶·5级	10
153087	9797678	物理攻击水晶·6级	10
153087	9797678	血宝石·5级	10
153087	9797678	雷灵珠·4级	9
153087	9797678	雷灵珠·5级	1
153087	9797678	法术防御水晶·5级	10
153087	9800437	圣灵珠·4级	10
153087	9800437	物理防御水晶·5级	10
153087	9800437	血宝石·5级	10
153087	9800437	黑玛瑙·3级	1
153087	9800437	毒灵珠·4级	10
153087	9800437	法术防御水晶·5级	10
153087	9800437	法术攻击水晶·5级	3
153087	9800437	法术攻击水晶·6级	7
153087	9800818	圣灵珠·3级	9
153087	9800818	圣灵珠·4级	1
153087	9800818	紫玛瑙·2级	1
153087	9800818	物理攻击水晶·4级	2
153087	9800818	物理攻击水晶·5级	5
153087	9800818	血宝石·5级	10
153087	9800818	雷灵珠·3级	2
153087	9800818	雷灵珠·4级	1
153087	9800818	雷灵珠·5级	1
153087	9800818	法术防御水晶·3级	1
153087	9800818	法术防御水晶·4级	1
153087	9802195	圣灵珠·4级	1
153087	9802195	圣灵珠·5级	1
153087	9802195	物理防御水晶·4级	5
153087	9802195	物理防御水晶·5级	5
153087	9802195	血宝石·4级	5
153087	9802195	血宝石·5级	5
153087	9802195	毒灵珠·4级	1
153087	9802195	毒灵珠·5级	2
153087	9802195	法力宝石·5级	1
153087	9802195	法术攻击水晶·4级	5
153087	9802195	法术攻击水晶·5级	5
153087	9802425	圣灵珠·3级	7
153087	9802425	圣灵珠·4级	3
153087	9802425	物理防御水晶·4级	10
153087	9802425	血宝石·5级	10
153087	9802425	毒灵珠·3级	3
153087	9802425	毒灵珠·5级	1
153087	9802425	法术防御水晶·4级	2
153087	9802425	法术防御水晶·5级	3
153087	9802425	法术攻击水晶·5级	10
153087	9804083	火灵珠·3级	2
153087	9804083	火灵珠·4级	7
153087	9804083	物理防御水晶·4级	10
153087	9804083	血宝石·5级	10
153087	9804083	法术攻击水晶·5级	10
153087	9806132	圣灵珠·3级	1
153087	9806132	圣灵珠·4级	9
153087	9806132	物理防御水晶·5级	10
153087	9806132	白玛瑙·3级	1
153087	9806132	血宝石·5级	10
153087	9806132	风灵珠·3级	1
153087	9806132	风灵珠·4级	8
153087	9806132	水灵珠·3级	1
153087	9806132	水灵珠·4级	1
153087	9806132	法术防御水晶·5级	10
153087	9806132	法术攻击水晶·5级	7
153087	9806132	法术攻击水晶·6级	3
153087	9807621	圣灵珠·4级	6
153087	9807621	物理防御水晶·5级	10
153087	9807621	物理攻击水晶·5级	9
153087	9807621	物理攻击水晶·6级	1
153087	9807621	血宝石·5级	10
153087	9807621	雷灵珠·4级	1
153087	9807621	雷灵珠·5级	3
153087	9807621	法术防御水晶·5级	6
153087	9809124	圣灵珠·4级	10
153087	9809124	物理防御水晶·5级	10
153087	9809124	血宝石·5级	4
153087	9809124	血宝石·6级	5
153087	9809124	黑玛瑙·3级	7
153087	9809124	毒灵珠·3级	1
153087	9809124	毒灵珠·4级	6
153087	9809124	毒灵珠·5级	3
153087	9809124	法术防御水晶·5级	10
153087	9809124	法术攻击水晶·5级	8
153087	9809124	法术攻击水晶·6级	2
153087	9809124	木灵珠·4级	1
153087	9809538	紫玛瑙·2级	1
153087	9809538	紫玛瑙·3级	1
153087	9809538	物理防御水晶·3级	1
153087	9809538	物理防御水晶·4级	6
153087	9809538	物理攻击水晶·4级	10
153087	9809538	血宝石·4级	2
153087	9809538	血宝石·5级	8
153087	9809538	雷灵珠·2级	2
153087	9809538	雷灵珠·3级	2
153087	9812068	圣灵珠·1级	1
153087	9812068	圣灵珠·2级	4
153087	9812068	圣灵珠·3级	2
153087	9812068	圣灵珠·4级	2
153087	9812068	血宝石·5级	10
153087	9812068	毒灵珠·3级	2
153087	9812068	毒灵珠·5级	1
153087	9812068	法力宝石·4级	1
153087	9812068	法术攻击水晶·4级	4
153087	9812068	法术攻击水晶·5级	4
153087	9812484	圣灵珠·2级	5
153087	9812484	物理防御水晶·3级	1
153087	9812484	物理防御水晶·4级	5
153087	9812484	血宝石·4级	9
153087	9812484	血宝石·5级	1
153087	9812484	风灵珠·2级	3
153087	9812484	法术防御水晶·3级	1
153087	9812484	法术防御水晶·4级	5
153087	9812484	法术攻击水晶·4级	10
153087	9812487	圣灵珠·3级	3
153087	9812487	圣灵珠·4级	5
153087	9812487	物理防御水晶·4级	1
153087	9812487	物理防御水晶·5级	5
153087	9812487	血宝石·5级	10
153087	9812487	风灵珠·3级	3
153087	9812487	风灵珠·4级	7
153087	9812487	法术防御水晶·5级	9
153087	9812487	法术攻击水晶·5级	10
153087	9813124	血宝石·3级	2
153087	9813124	血宝石·4级	5
153087	9813124	血宝石·5级	2
153087	9813124	风灵珠·1级	1
153087	9813124	风灵珠·2级	2
153087	9813124	风灵珠·3级	1
153087	9813124	风灵珠·4级	1
153087	9813124	法力宝石·4级	1
153087	9813124	法术攻击水晶·3级	2
153087	9813124	法术攻击水晶·4级	5
153087	9813124	法术攻击水晶·5级	2
153087	9816985	血宝石·1级	6
153087	9816985	血宝石·2级	1
153087	9816985	血宝石·3级	1
153087	9816985	血宝石·4级	1
153087	9816985	法术攻击水晶·1级	1
153087	9817409	圣灵珠·2级	3
153087	9817409	圣灵珠·3级	2
153087	9817409	物理攻击水晶·4级	1
153087	9817409	血宝石·4级	8
153087	9817409	血宝石·5级	2
153087	9817409	毒灵珠·3级	5
153087	9817409	法术攻击水晶·3级	2
153087	9817409	法术攻击水晶·4级	8
153087	9817535	圣灵珠·2级	2
153087	9817535	圣灵珠·3级	3
153087	9817535	圣灵珠·4级	1
153087	9817535	火灵珠·3级	1
153087	9817535	火灵珠·4级	3
153087	9817535	物理防御水晶·4级	5
153087	9817535	物理防御水晶·5级	1
153087	9817535	血宝石·3级	3
153087	9817535	血宝石·5级	5
153087	9817535	雷灵珠·3级	2
153087	9817535	法术防御水晶·3级	2
153087	9817535	法术防御水晶·4级	4
153087	9817535	法术攻击水晶·4级	6
153087	9817535	法术攻击水晶·5级	4
153087	9821766	圣灵珠·4级	10
153087	9821766	火灵珠·4级	3
153087	9821766	火灵珠·5级	7
153087	9821766	物理防御水晶·5级	10
153087	9821766	物理闪避石·5级	1
153087	9821766	物理攻击水晶·5级	6
153087	9821766	物理攻击水晶·6级	4
153087	9821766	血宝石·5级	7
153087	9821766	血宝石·6级	3
153087	9821766	赤玛瑙·3级	2
153087	9821766	赤玛瑙·4级	4
153087	9821766	法术防御水晶·5级	9
153087	9821766	法术防御水晶·6级	1
153087	9821782	圣灵珠·4级	8
153087	9821782	圣灵珠·5级	2
153087	9821782	紫玛瑙·3级	4
153087	9821782	紫玛瑙·4级	1
153087	9821782	物理防御水晶·5级	10
153087	9821782	物理攻击水晶·5级	2
153087	9821782	物理攻击水晶·6级	8
153087	9821782	血宝石·5级	10
153087	9821782	雷灵珠·4级	2
153087	9821782	雷灵珠·5级	8
153087	9821782	法术命中眼石·4级	1
153087	9821782	法术防御水晶·5级	10
153087	9821792	圣灵珠·4级	6
153087	9821792	圣灵珠·5级	4
153087	9821792	物理防御水晶·5级	10
153087	9821792	血宝石·5级	6
153087	9821792	血宝石·6级	4
153087	9821792	风灵珠·4级	2
153087	9821792	风灵珠·5级	8
153087	9821792	水灵珠·3级	3
153087	9821792	水灵珠·4级	7
153087	9821792	法术防御水晶·5级	10
153087	9821792	法术攻击水晶·6级	10
153087	9821804	圣灵珠·3级	6
153087	9821804	圣灵珠·4级	4
153087	9821804	物理防御水晶·5级	2
153087	9821804	血宝石·5级	10
153087	9821804	毒灵珠·4级	8
153087	9821804	毒灵珠·5级	1
153087	9821804	法术防御水晶·5级	1
153087	9821804	法术攻击水晶·5级	9
153087	9821804	法术攻击水晶·6级	1
153087	9821954	圣灵珠·4级	7
153087	9821954	圣灵珠·5级	3
153087	9821954	物理防御水晶·5级	10
153087	9821954	血宝石·5级	5
153087	9821954	血宝石·6级	5
153087	9821954	黑玛瑙·3级	9
153087	9821954	黑玛瑙·4级	1
153087	9821954	毒灵珠·5级	10
153087	9821954	法术防御水晶·5级	10
153087	9821954	法术攻击水晶·6级	10
153087	9823828	圣灵珠·2级	4
153087	9823828	圣灵珠·3级	1
153087	9823828	火灵珠·2级	2
153087	9823828	火灵珠·3级	1
153087	9823828	血宝石·3级	3
153087	9823828	血宝石·4级	7
153087	9823828	法术防御水晶·4级	2
153087	9823828	法术攻击水晶·3级	4
153087	9823828	法术攻击水晶·4级	6
153087	9824382	圣灵珠·3级	8
153087	9824382	圣灵珠·4级	2
153087	9824382	物理防御水晶·3级	1
153087	9824382	物理防御水晶·5级	6
153087	9824382	血宝石·5级	10
153087	9824382	毒灵珠·3级	1
153087	9824382	毒灵珠·4级	9
153087	9824382	法术攻击水晶·5级	8
153087	9824382	法术攻击水晶·6级	2
153087	9825443	物理防御水晶·4级	1
153087	9825443	血宝石·4级	3
153087	9825443	血宝石·5级	7
153087	9825443	毒灵珠·3级	4
153087	9825443	法术防御水晶·4级	5
153087	9825443	法术攻击水晶·4级	4
153087	9825443	法术攻击水晶·5级	6
153087	9825508	物理防御水晶·4级	3
153087	9825508	血宝石·3级	1
153087	9825508	血宝石·4级	9
153087	9825508	风灵珠·3级	2
153087	9825508	风灵珠·4级	2
153087	9825508	法术防御水晶·3级	2
153087	9825508	法术防御水晶·4级	4
153087	9825508	法术攻击水晶·4级	8
153087	9825639	圣灵珠·3级	5
153087	9825639	火灵珠·4级	3
153087	9825639	物理防御水晶·4级	3
153087	9825639	物理防御水晶·5级	1
153087	9825639	血宝石·4级	7
153087	9825639	血宝石·5级	3
153087	9825639	法术防御水晶·4级	4
153087	9825639	法术防御水晶·5级	1
153087	9825639	法术攻击水晶·4级	6
153087	9825639	法术攻击水晶·5级	4
153087	9825641	圣灵珠·3级	3
153087	9825641	火灵珠·3级	2
153087	9825641	火灵珠·4级	2
153087	9825641	物理防御水晶·3级	1
153087	9825641	物理防御水晶·4级	2
153087	9825641	血宝石·4级	7
153087	9825641	血宝石·5级	3
153087	9825641	法术防御水晶·4级	7
153087	9825641	法术攻击水晶·4级	7
153087	9825641	法术攻击水晶·5级	3
153087	9825901	圣灵珠·3级	10
153087	9825901	血宝石·4级	2
153087	9825901	血宝石·5级	5
153087	9825901	水灵珠·3级	4
153087	9825901	水灵珠·4级	5
153087	9825901	法术攻击水晶·4级	1
153087	9825901	法术攻击水晶·5级	6
153087	9826283	圣灵珠·3级	9
153087	9826283	圣灵珠·4级	1
153087	9826283	物理防御水晶·4级	6
153087	9826283	物理攻击水晶·5级	10
153087	9826283	血宝石·5级	10
153087	9826283	雷灵珠·3级	5
153087	9826283	雷灵珠·4级	5
153087	9826283	法术防御水晶·4级	4
153087	9826283	法术防御水晶·5级	6
153087	9826892	圣灵珠·2级	9
153087	9826892	圣灵珠·3级	1
153087	9826892	血宝石·4级	3
153087	9826892	血宝石·5级	3
153087	9826892	毒灵珠·2级	1
153087	9826892	毒灵珠·3级	6
153087	9826892	法术攻击水晶·4级	2
153087	9826892	法术攻击水晶·5级	5
153087	9827227	圣灵珠·2级	4
153087	9827227	圣灵珠·3级	4
153087	9827227	圣灵珠·4级	1
153087	9827227	物理闪避石·3级	1
153087	9827227	物理攻击水晶·4级	1
153087	9827227	物理攻击水晶·5级	7
153087	9827227	血宝石·3级	1
153087	9827227	血宝石·4级	2
153087	9827227	血宝石·5级	7
153087	9827227	雷灵珠·2级	3
153087	9827227	雷灵珠·3级	5
153087	9827227	雷灵珠·4级	2
153087	9828124	物理防御水晶·3级	1
153087	9828124	血宝石·3级	9
153087	9828124	血宝石·4级	1
153087	9828124	毒灵珠·2级	4
153087	9828124	毒灵珠·3级	3
153087	9828124	法术攻击水晶·3级	10
153087	9828417	圣灵珠·2级	2
153087	9828417	圣灵珠·3级	3
153087	9828417	物理防御水晶·3级	1
153087	9828417	血宝石·3级	2
153087	9828417	血宝石·4级	4
153087	9828417	血宝石·5级	4
153087	9828417	毒灵珠·3级	1
153087	9828417	毒灵珠·4级	2
153087	9828417	法术攻击水晶·3级	2
153087	9828417	法术攻击水晶·4级	8
153087	9828462	圣灵珠·2级	1
153087	9828462	圣灵珠·3级	7
153087	9828462	圣灵珠·4级	2
153087	9828462	物理防御水晶·4级	10
153087	9828462	白玛瑙·2级	1
153087	9828462	白玛瑙·3级	7
153087	9828462	血宝石·5级	10
153087	9828462	风灵珠·3级	6
153087	9828462	风灵珠·4级	4
153087	9828462	水灵珠·3级	2
153087	9828462	法术防御水晶·4级	1
153087	9828462	法术攻击水晶·5级	10
153087	9828552	血宝石·3级	1
153087	9828552	血宝石·4级	9
153087	9828552	毒灵珠·2级	1
153087	9828552	法术攻击水晶·3级	6
153087	9828552	法术攻击水晶·4级	3
153087	9828751	圣灵珠·3级	4
153087	9828751	血宝石·4级	8
153087	9828751	血宝石·5级	2
153087	9828751	毒灵珠·2级	6
153087	9828751	毒灵珠·3级	4
153087	9828751	法术攻击水晶·3级	7
153087	9828751	法术攻击水晶·4级	3
153087	9829368	血宝石·3级	4
153087	9829368	血宝石·4级	1
153087	9829368	法术防御水晶·3级	1
153087	9830152	火灵珠·3级	2
153087	9830152	火灵珠·4级	2
153087	9830152	血宝石·4级	7
153087	9830152	血宝石·5级	3
153087	9830152	法术防御水晶·4级	7
153087	9830152	法术攻击水晶·3级	1
153087	9830152	法术攻击水晶·4级	6
153087	9830152	法术攻击水晶·5级	3
153087	9830212	火灵珠·2级	1
153087	9830212	火灵珠·3级	4
153087	9830212	火灵珠·4级	2
153087	9830212	物理防御水晶·5级	1
153087	9830212	血宝石·3级	1
153087	9830212	血宝石·4级	7
153087	9830212	血宝石·5级	2
153087	9830212	法术防御水晶·4级	2
153087	9830212	法术防御水晶·5级	2
153087	9830212	法术攻击水晶·4级	6
153087	9830212	法术攻击水晶·5级	4
153087	9830503	圣灵珠·2级	1
153087	9830503	圣灵珠·3级	9
153087	9830503	物理防御水晶·4级	2
153087	9830503	血宝石·4级	7
153087	9830503	血宝石·5级	2
153087	9830503	风灵珠·2级	1
153087	9830503	风灵珠·3级	6
153087	9830503	法术攻击水晶·4级	1
153087	9830503	法术攻击水晶·5级	9
153087	9831244	圣灵珠·3级	1
153087	9831244	圣灵珠·4级	9
153087	9831244	物理防御水晶·5级	9
153087	9831244	白玛瑙·2级	1
153087	9831244	白玛瑙·3级	1
153087	9831244	血宝石·5级	10
153087	9831244	风灵珠·3级	1
153087	9831244	风灵珠·4级	9
153087	9831244	法术防御水晶·5级	9
153087	9831244	法术攻击水晶·5级	10
153087	9831934	物理防御水晶·4级	8
153087	9831934	血宝石·4级	10
153087	9831934	风灵珠·4级	1
153087	9831934	法术防御水晶·3级	1
153087	9831934	法术攻击水晶·4级	9
153087	9832267	圣灵珠·3级	2
153087	9832267	圣灵珠·4级	4
153087	9832267	物理防御水晶·4级	10
153087	9832267	物理攻击水晶·4级	2
153087	9832267	物理攻击水晶·5级	8
153087	9832267	血宝石·4级	2
153087	9832267	血宝石·5级	8
153087	9832267	雷灵珠·4级	4
153087	9832267	法术防御水晶·4级	10
153087	9834624	圣灵珠·2级	2
153087	9834624	火灵珠·2级	1
153087	9834624	血宝石·3级	9
153087	9834624	血宝石·4级	1
153087	9835221	圣灵珠·4级	1
153087	9835221	物理防御水晶·4级	10
153087	9835221	血宝石·5级	10
153087	9835221	毒灵珠·3级	7
153087	9835221	毒灵珠·4级	2
153087	9835221	法术防御水晶·4级	10
153087	9835221	法术攻击水晶·4级	4
153087	9835221	法术攻击水晶·5级	6
153087	9837795	圣灵珠·3级	10
153087	9837795	物理防御水晶·4级	4
153087	9837795	物理防御水晶·5级	5
153087	9837795	血宝石·5级	10
153087	9837795	黑玛瑙·3级	2
153087	9837795	黑玛瑙·4级	2
153087	9837795	毒灵珠·3级	4
153087	9837795	毒灵珠·4级	2
153087	9837795	法术防御水晶·5级	5
153087	9837795	法术攻击水晶·5级	9
153087	9837795	法术攻击水晶·6级	1
153087	9839547	圣灵珠·2级	1
153087	9839547	圣灵珠·3级	1
153087	9839547	圣灵珠·4级	6
153087	9839547	血宝石·3级	1
153087	9839547	血宝石·5级	6
153087	9839547	血宝石·6级	3
153087	9839547	蓝玛瑙·3级	2
153087	9839547	水灵珠·3级	1
153087	9839547	水灵珠·4级	5
153087	9839547	法术防御水晶·3级	1
153087	9839547	法术防御水晶·4级	1
153087	9839547	法术防御水晶·5级	1
153087	9839547	法术攻击水晶·4级	1
153087	9839547	法术攻击水晶·5级	6
153087	9841767	血宝石·1级	7
153087	9841767	血宝石·3级	3
153087	9842065	血宝石·1级	2
153087	9842065	血宝石·2级	2
153087	9842065	血宝石·3级	3
153087	9842065	血宝石·4级	1
153087	9842273	圣灵珠·2级	5
153087	9842273	圣灵珠·3级	4
153087	9842273	血宝石·4级	6
153087	9842273	血宝石·5级	1
153087	9842273	毒灵珠·4级	3
153087	9842273	法术攻击水晶·4级	6
153087	9842273	法术攻击水晶·5级	3
153087	9842297	圣灵珠·3级	6
153087	9842297	圣灵珠·4级	4
153087	9842297	火灵珠·3级	9
153087	9842297	火灵珠·4级	1
153087	9842297	物理防御水晶·4级	8
153087	9842297	物理防御水晶·5级	1
153087	9842297	血宝石·5级	10
153087	9842297	毒灵珠·3级	1
153087	9842297	法术攻击水晶·5级	10
153087	9844994	圣灵珠·3级	6
153087	9844994	圣灵珠·4级	3
153087	9844994	物理防御水晶·4级	1
153087	9844994	物理防御水晶·5级	1
153087	9844994	物理攻击水晶·5级	10
153087	9844994	血宝石·5级	10
153087	9844994	雷灵珠·3级	6
153087	9844994	雷灵珠·4级	2
153087	9846232	物理防御水晶·3级	1
153087	9846232	物理防御水晶·4级	1
153087	9846232	物理攻击水晶·4级	9
153087	9846232	物理攻击水晶·5级	1
153087	9846232	血宝石·3级	2
153087	9846232	血宝石·4级	8
153087	9846232	雷灵珠·2级	8
153087	9846232	雷灵珠·3级	1
153087	9846232	法术防御水晶·4级	1
153087	9846746	圣灵珠·2级	4
153087	9846746	火灵珠·3级	6
153087	9846746	物理防御水晶·2级	1
153087	9846746	物理防御水晶·3级	1
153087	9846746	物理闪避石·3级	1
153087	9846746	物理攻击水晶·2级	1
153087	9846746	物理攻击水晶·3级	3
153087	9846746	血宝石·1级	1
153087	9846746	血宝石·2级	3
153087	9846746	血宝石·4级	2
153087	9846746	血宝石·5级	2
153087	9846746	法术防御水晶·2级	1
153087	9853045	火灵珠·1级	1
153087	9853045	火灵珠·2级	1
153087	9853045	火灵珠·3级	7
153087	9853045	物理防御水晶·4级	1
153087	9853045	物理防御水晶·5级	1
153087	9853045	物理攻击水晶·3级	2
153087	9853045	物理攻击水晶·4级	3
153087	9853045	物理攻击水晶·5级	4
153087	9853045	血宝石·4级	6
153087	9853045	血宝石·5级	4
153087	9853045	法术防御水晶·4级	1
153087	9860186	火灵珠·2级	1
153087	9860186	物理防御水晶·3级	1
153087	9860186	物理防御水晶·4级	6
153087	9860186	物理攻击水晶·2级	1
153087	9860186	物理攻击水晶·3级	1
153087	9860186	物理攻击水晶·5级	3
153087	9860186	血宝石·3级	2
153087	9860186	血宝石·4级	4
153087	9860186	血宝石·5级	3
153087	9860186	风灵珠·1级	1
153087	9860186	雷灵珠·2级	2
153087	9860186	雷灵珠·3级	4
153087	9860186	毒灵珠·1级	1
153087	9860186	木灵珠·2级	1
153087	9871663	血宝石·3级	9
153087	9871663	血宝石·4级	1
153087	9871663	法术攻击水晶·3级	8
153087	9871663	法术攻击水晶·4级	2
153087	9881348	火灵珠·3级	1
153087	9881348	血宝石·3级	1
153087	9881348	血宝石·4级	6
153087	9881348	血宝石·5级	3
153087	9881348	风灵珠·3级	2
153087	9881348	风灵珠·4级	2
153087	9881348	赤玛瑙·1级	1
153087	9881348	法术防御水晶·4级	1
153087	9881348	法术攻击水晶·4级	4
153087	9881348	法术攻击水晶·5级	1
153087	9881839	血宝石·3级	9
153087	9881839	血宝石·4级	1
153087	9881839	雷灵珠·2级	4
153087	9883797	物理攻击水晶·4级	4
153087	9883797	物理攻击水晶·5级	6
153087	9883797	血宝石·4级	10
153087	9883797	雷灵珠·4级	2
153087	9883797	法术防御水晶·3级	2
153087	9883797	法术防御水晶·4级	5
153087	9888012	圣灵珠·2级	2
153087	9888012	物理防御水晶·3级	1
153087	9888012	血宝石·3级	6
153087	9888012	血宝石·4级	1
153087	9888012	血宝石·5级	1
153087	9888012	法术防御水晶·3级	1
153087	9888012	法术攻击水晶·3级	1
153087	9888012	法术攻击水晶·4级	2
153087	9895406	血宝石·3级	8
153087	9895406	血宝石·4级	2
153087	9895406	法术攻击水晶·3级	4
153087	9895406	法术攻击水晶·4级	3
153087	9902544	血宝石·1级	7
153087	9902544	血宝石·2级	1
153087	9902544	血宝石·3级	1
153087	9902544	血宝石·4级	1
153087	9902544	法术攻击水晶·3级	2
153087	9906957	物理攻击水晶·4级	4
153087	9906957	物理攻击水晶·5级	2
153087	9906957	血宝石·3级	3
153087	9906957	血宝石·4级	7
153087	9906957	法术防御水晶·4级	1
153087	9921874	物理攻击水晶·3级	1
153087	9921874	物理攻击水晶·4级	8
153087	9921874	物理攻击水晶·5级	1
153087	9921874	血宝石·3级	3
153087	9921874	血宝石·4级	5
153087	9921874	法术防御水晶·3级	1
153087	9926503	圣灵珠·3级	1
153087	9926503	圣灵珠·4级	1
153087	9926503	物理防御水晶·3级	1
153087	9926503	物理防御水晶·4级	1
153087	9926503	血宝石·4级	3
153087	9926503	血宝石·5级	7
153087	9926503	水灵珠·4级	2
153087	9926503	法术防御水晶·4级	1
153087	9926503	法术攻击水晶·4级	9
153087	9926503	法术攻击水晶·5级	1
153087	9928707	圣灵珠·4级	1
153087	9928707	物理防御水晶·4级	5
153087	9928707	物理攻击水晶·4级	3
153087	9928707	血宝石·4级	3
153087	9928707	血宝石·5级	7
153087	9928707	雷灵珠·3级	2
153087	9928707	雷灵珠·4级	5
153087	9928707	法术防御水晶·4级	1
153087	9931848	物理攻击水晶·3级	2
153087	9931848	物理攻击水晶·4级	5
153087	9931848	物理攻击水晶·5级	1
153087	9931848	血宝石·3级	6
153087	9931848	血宝石·4级	4
153087	9934867	火灵珠·3级	1
153087	9934867	物理攻击水晶·3级	1
153087	9934867	物理攻击水晶·4级	3
153087	9934867	血宝石·3级	5
153087	9934867	血宝石·4级	5
153087	9934867	法术防御水晶·3级	1
153087	9934878	血宝石·3级	3
153087	9934878	血宝石·4级	7
153087	9934878	法术攻击水晶·3级	2
153087	9934878	法术攻击水晶·4级	8
153087	9937246	血宝石·3级	3
153087	9937246	血宝石·4级	2
153087	9937246	水灵珠·1级	2
153087	9937246	水灵珠·2级	2
153087	9937246	法术攻击水晶·3级	2
153087	9937246	法术攻击水晶·4级	3
153087	9942249	血宝石·4级	10
153087	9942249	毒灵珠·3级	1
153087	9942249	毒灵珠·4级	2
153087	9942249	法术攻击水晶·4级	4
153087	9942249	法术攻击水晶·5级	6
153087	9947009	圣灵珠·2级	1
153087	9947009	火灵珠·2级	1
153087	9947009	血宝石·3级	2
153087	9947009	血宝石·4级	6
153087	9947009	血宝石·5级	2
153087	9947009	风灵珠·3级	1
153087	9947009	法术攻击水晶·4级	3
153087	9947764	圣灵珠·3级	1
153087	9947764	物理防御水晶·3级	1
153087	9947764	物理攻击水晶·3级	1
153087	9947764	物理攻击水晶·4级	9
153087	9947764	血宝石·3级	1
153087	9947764	血宝石·4级	8
153087	9947764	血宝石·5级	1
153087	9949723	火灵珠·3级	1
153087	9949723	物理攻击水晶·1级	1
153087	9949723	物理攻击水晶·3级	2
153087	9949723	物理攻击水晶·4级	3
153087	9949723	血宝石·1级	1
153087	9949723	血宝石·3级	3
153087	9949723	血宝石·4级	3
153087	9949723	法术攻击水晶·1级	1
153087	10002224	圣灵珠·3级	8
153087	10002224	圣灵珠·4级	2
153087	10002224	物理防御水晶·4级	10
153087	10002224	血宝石·5级	10
153087	10002224	黑玛瑙·3级	9
153087	10002224	黑玛瑙·4级	1
153087	10002224	毒灵珠·3级	1
153087	10002224	毒灵珠·4级	9
153087	10002224	法术防御水晶·3级	1
153087	10002224	法术防御水晶·4级	9
153087	10002224	法术攻击水晶·4级	4
153087	10002224	法术攻击水晶·5级	6
153087	10023293	血宝石·3级	1
153087	10050682	血宝石·2级	3
153087	10050682	血宝石·3级	3
153087	10050682	血宝石·4级	1
153087	10087585	血宝石·3级	3
153087	10087585	血宝石·4级	7
153087	10087585	法术攻击水晶·3级	2
153087	10087585	法术攻击水晶·4级	6
153087	10087697	血宝石·3级	2
153087	10087697	血宝石·4级	7
153087	10087697	血宝石·5级	1
153087	10087697	毒灵珠·3级	2
153087	10087697	法术防御水晶·3级	2
153087	10087697	法术防御水晶·4级	1
153087	10087697	法术攻击水晶·3级	3
153087	10087697	法术攻击水晶·4级	5
153087	10129328	圣灵珠·2级	1
153087	10129328	圣灵珠·3级	1
153087	10129328	血宝石·3级	8
153087	10129328	血宝石·4级	1
153087	10129328	毒灵珠·2级	1
153087	10129328	毒灵珠·3级	1
153087	10129328	法术攻击水晶·2级	1
153087	10129328	法术攻击水晶·3级	3
153087	10129328	法术攻击水晶·4级	2
153087	10134794	圣灵珠·2级	1
153087	10134794	血宝石·3级	7
153087	10134794	毒灵珠·2级	2
153087	10134794	法术攻击水晶·4级	1
153087	10135786	物理攻击水晶·1级	1
153087	10135786	血宝石·1级	2
153087	10135786	血宝石·2级	2
153087	10135786	血宝石·3级	5
153087	10135786	血宝石·4级	1
153087	10148692	血宝石·4级	1
153087	10180898	火灵珠·1级	1
153087	10180898	物理攻击水晶·3级	2
153087	10180898	血宝石·3级	9
153087	10180898	血宝石·4级	1
153087	10180900	物理攻击水晶·3级	2
153087	10180900	血宝石·1级	2
153087	10180900	血宝石·2级	1
153087	10180900	血宝石·3级	2
153087	10180900	血宝石·4级	1
153087	10180903	火灵珠·3级	1
153087	10180903	物理攻击水晶·3级	1
153087	10180903	物理攻击水晶·4级	1
153087	10180903	血宝石·1级	1
153087	10180903	血宝石·3级	6
153087	10180903	血宝石·4级	2
153091	9934357	圣灵珠·3级	4
153091	9934357	圣灵珠·4级	6
153091	9934357	物理防御水晶·5级	10
153091	9934357	白玛瑙·2级	1
153091	9934357	血宝石·5级	10
153091	9934357	风灵珠·4级	10
153091	9934357	法术防御水晶·5级	2
153091	9934357	法术攻击水晶·5级	9
153091	9934357	法术攻击水晶·6级	1
153091	9934372	圣灵珠·4级	5
153091	9934372	圣灵珠·5级	5
153091	9934372	物理防御水晶·5级	7
153091	9934372	物理防御水晶·6级	3
153091	9934372	白玛瑙·3级	6
153091	9934372	白玛瑙·4级	2
153091	9934372	白玛瑙·5级	2
153091	9934372	血宝石·6级	10
153091	9934372	风灵珠·4级	2
153091	9934372	风灵珠·5级	8
153091	9934372	法术防御水晶·5级	6
153091	9934372	法术防御水晶·6级	4
153091	9934372	法术攻击水晶·6级	10
153091	9934404	物理攻击水晶·4级	6
153091	9934404	物理攻击水晶·5级	4
153091	9934404	血宝石·4级	7
153091	9934404	血宝石·5级	3
153091	9934404	雷灵珠·3级	9
153091	9934404	雷灵珠·4级	1
153091	9934871	圣灵珠·3级	2
153091	9934871	圣灵珠·4级	8
153091	9934871	物理防御水晶·5级	10
153091	9934871	白玛瑙·2级	2
153091	9934871	白玛瑙·3级	1
153091	9934871	血宝石·5级	9
153091	9934871	血宝石·6级	1
153091	9934871	风灵珠·4级	10
153091	9934871	法术防御水晶·5级	10
153091	9934871	法术攻击水晶·5级	7
153091	9934871	法术攻击水晶·6级	3
153091	9934918	圣灵珠·2级	2
153091	9934918	圣灵珠·3级	3
153091	9934918	物理防御水晶·4级	7
153091	9934918	物理防御水晶·5级	2
153091	9934918	物理攻击水晶·5级	10
153091	9934918	血宝石·4级	5
153091	9934918	血宝石·5级	5
153091	9934918	雷灵珠·3级	5
153091	9934918	雷灵珠·4级	1
153091	9934918	法术防御水晶·4级	8
153091	9934935	圣灵珠·2级	4
153091	9934935	圣灵珠·3级	4
153091	9934935	火灵珠·3级	7
153091	9934935	火灵珠·4级	2
153091	9934935	物理防御水晶·4级	7
153091	9934935	物理防御水晶·5级	3
153091	9934935	血宝石·5级	10
153091	9934935	赤玛瑙·3级	2
153091	9934935	法术命中眼石·5级	1
153091	9934935	法术防御水晶·4级	5
153091	9934935	法术防御水晶·5级	5
153091	9934935	法术攻击水晶·5级	6
153091	9934935	法术攻击水晶·6级	4
153091	9935588	物理攻击水晶·3级	9
153091	9935588	物理攻击水晶·4级	1
153091	9935588	血宝石·3级	5
153091	9935588	血宝石·4级	5
153091	9935588	木灵珠·3级	4
153091	9935970	圣灵珠·4级	9
153091	9935970	圣灵珠·5级	1
153091	9935970	紫玛瑙·4级	4
153091	9935970	紫玛瑙·5级	1
153091	9935970	物理防御水晶·5级	10
153091	9935970	物理攻击水晶·5级	4
153091	9935970	物理攻击水晶·6级	6
153091	9935970	血宝石·5级	10
153091	9935970	雷灵珠·4级	8
153091	9935970	雷灵珠·5级	1
153091	9935970	法术防御水晶·5级	10
153091	9938712	圣灵珠·2级	6
153091	9938712	圣灵珠·3级	3
153091	9938712	火灵珠·2级	4
153091	9938712	火灵珠·3级	3
153091	9938712	火灵珠·4级	2
153091	9938712	血宝石·3级	5
153091	9938712	血宝石·4级	5
153091	9938712	赤玛瑙·2级	1
153091	9938712	雷灵珠·2级	1
153091	9938712	法术命中眼石·3级	1
153091	9938712	法术攻击水晶·3级	8
153091	9938976	血宝石·4级	5
153091	9938976	血宝石·5级	5
153091	9938976	毒灵珠·3级	1
153091	9938976	法术攻击水晶·4级	6
153091	9938976	法术攻击水晶·5级	4
153091	9942048	圣灵珠·4级	10
153091	9942048	紫玛瑙·3级	2
153091	9942048	物理命中眼石·5级	1
153091	9942048	物理防御水晶·5级	10
153091	9942048	物理攻击水晶·5级	4
153091	9942048	物理攻击水晶·6级	6
153091	9942048	血宝石·5级	10
153091	9942048	雷灵珠·4级	9
153091	9942048	雷灵珠·5级	1
153091	9942048	法术防御水晶·5级	10
153091	9945083	圣灵珠·2级	2
153091	9945083	火灵珠·1级	1
153091	9945083	火灵珠·2级	3
153091	9945083	血宝石·3级	2
153091	9945083	血宝石·4级	4
153091	9945083	血宝石·5级	1
153091	9945083	赤玛瑙·1级	1
153091	9945083	法术攻击水晶·3级	2
153091	9945083	法术攻击水晶·4级	1
153091	9946796	圣灵珠·2级	3
153091	9946796	火灵珠·3级	1
153091	9946796	物理防御水晶·3级	2
153091	9946796	物理防御水晶·4级	3
153091	9946796	血宝石·3级	8
153091	9946796	血宝石·4级	2
153091	9946796	赤玛瑙·2级	1
153091	9946796	毒灵珠·2级	1
153091	9946796	法术防御水晶·3级	2
153091	9946796	法术攻击水晶·3级	2
153091	9946796	法术攻击水晶·4级	8
153091	9947109	血宝石·3级	1
153091	9947857	圣灵珠·2级	2
153091	9947857	火灵珠·2级	2
153091	9947857	物理防御水晶·1级	1
153091	9947857	物理防御水晶·3级	1
153091	9947857	物理攻击水晶·2级	2
153091	9947857	血宝石·1级	1
153091	9947857	血宝石·2级	2
153091	9947857	血宝石·3级	2
153091	9947857	血宝石·4级	4
153091	9947857	血宝石·5级	1
153091	9947857	赤玛瑙·2级	1
153091	9947857	毒灵珠·2级	4
153091	9947857	法力宝石·2级	1
153091	9947857	法术命中眼石·3级	1
153091	9947857	法术闪避石·3级	1
153091	9947857	法术攻击水晶·1级	1
153091	9947857	法术攻击水晶·2级	1
153091	9947930	圣灵珠·5级	10
153091	9947930	物理防御水晶·6级	10
153091	9947930	血宝石·6级	10
153091	9947930	黑玛瑙·4级	6
153091	9947930	黑玛瑙·5级	4
153091	9947930	毒灵珠·5级	8
153091	9947930	毒灵珠·6级	2
153091	9947930	法术防御水晶·5级	5
153091	9947930	法术防御水晶·6级	5
153091	9947930	法术攻击水晶·6级	10
153091	9948705	圣灵珠·3级	8
153091	9948705	圣灵珠·4级	2
153091	9948705	血宝石·5级	10
153091	9948705	风灵珠·3级	2
153091	9948705	水灵珠·3级	1
153091	9948705	水灵珠·4级	4
153091	9948705	法力宝石·4级	1
153091	9948705	法术防御水晶·5级	4
153091	9948705	法术攻击水晶·4级	2
153091	9948705	法术攻击水晶·5级	2
153091	9948965	圣灵珠·3级	4
153091	9948965	圣灵珠·4级	6
153091	9948965	紫玛瑙·2级	2
153091	9948965	紫玛瑙·3级	4
153091	9948965	紫玛瑙·4级	2
153091	9948965	物理防御水晶·5级	10
153091	9948965	物理攻击水晶·5级	1
153091	9948965	物理攻击水晶·6级	9
153091	9948965	血宝石·5级	10
153091	9948965	雷灵珠·3级	1
153091	9948965	雷灵珠·4级	8
153091	9948965	雷灵珠·5级	1
153091	9948965	法术防御水晶·5级	10
153091	9950352	圣灵珠·3级	1
153091	9950352	血宝石·2级	3
153091	9950352	血宝石·3级	5
153091	9950352	血宝石·4级	2
153091	9950352	风灵珠·2级	2
153091	9950352	风灵珠·3级	1
153091	9950352	法术攻击水晶·3级	1
153091	9950775	圣灵珠·4级	3
153091	9950775	圣灵珠·5级	7
153091	9950775	紫玛瑙·4级	9
153091	9950775	紫玛瑙·5级	1
153091	9950775	物理防御水晶·6级	10
153091	9950775	物理攻击水晶·6级	10
153091	9950775	血宝石·5级	8
153091	9950775	血宝石·6级	2
153091	9950775	雷灵珠·5级	10
153091	9950775	法术防御水晶·5级	10
153091	9952088	物理攻击水晶·3级	8
153091	9952088	物理攻击水晶·4级	2
153091	9952088	血宝石·3级	8
153091	9952088	血宝石·4级	2
153091	9952088	木灵珠·3级	2
153091	9952522	血宝石·1级	8
153091	9952522	血宝石·2级	1
153091	9952522	法术攻击水晶·4级	1
153091	9953543	圣灵珠·2级	4
153091	9953543	物理防御水晶·3级	1
153091	9953543	物理攻击水晶·3级	10
153091	9953543	血宝石·3级	7
153091	9953543	血宝石·4级	3
153091	9956068	圣灵珠·5级	2
153091	9956068	圣灵珠·6级	8
153091	9956068	物理防御水晶·6级	10
153091	9956068	白玛瑙·5级	3
153091	9956068	白玛瑙·6级	5
153091	9956068	血宝石·6级	10
153091	9956068	风灵珠·5级	4
153091	9956068	风灵珠·6级	6
153091	9956068	水灵珠·5级	2
153091	9956068	法术防御水晶·6级	10
153091	9956068	法术攻击水晶·7级	10
153091	9956219	火灵珠·1级	1
153091	9956219	血宝石·3级	3
153091	9956219	血宝石·4级	4
153091	9956219	水灵珠·1级	2
153091	9956219	水灵珠·2级	1
153091	9956219	法术攻击水晶·2级	1
153091	9956219	法术攻击水晶·3级	3
153091	9956313	圣灵珠·3级	5
153091	9956313	圣灵珠·4级	5
153091	9956313	物理防御水晶·4级	6
153091	9956313	物理攻击水晶·4级	9
153091	9956313	物理攻击水晶·5级	1
153091	9956313	血宝石·4级	3
153091	9956313	血宝石·5级	7
153091	9956313	雷灵珠·3级	6
153091	9956313	雷灵珠·4级	2
153091	9956313	毒灵珠·4级	2
153091	9956313	法术防御水晶·4级	7
153091	9956862	圣灵珠·2级	2
153091	9956862	血宝石·2级	1
153091	9956862	血宝石·4级	6
153091	9956862	血宝石·5级	1
153091	9956862	风灵珠·2级	3
153091	9958101	血宝石·1级	8
153091	9958101	血宝石·2级	1
153091	9958101	血宝石·4级	1
153091	9959909	物理防御水晶·1级	1
153091	9959909	血宝石·1级	3
153091	9959909	血宝石·2级	1
153091	9959909	血宝石·3级	3
153091	9959909	血宝石·4级	1
153091	9959909	法术命中眼石·1级	1
153091	9962399	圣灵珠·2级	3
153091	9962399	圣灵珠·3级	1
153091	9962399	物理防御水晶·4级	2
153091	9962399	物理防御水晶·5级	1
153091	9962399	血宝石·4级	7
153091	9962399	血宝石·5级	3
153091	9962399	毒灵珠·3级	5
153091	9962399	毒灵珠·4级	1
153091	9962399	法术防御水晶·4级	2
153091	9962399	法术攻击水晶·4级	9
153091	9962399	法术攻击水晶·5级	1
153091	9964853	血宝石·1级	4
153091	9964853	血宝石·2级	1
153091	9964853	血宝石·3级	3
153091	9964853	血宝石·4级	1
153091	9964853	法力宝石·1级	1
153091	9966991	圣灵珠·3级	6
153091	9966991	圣灵珠·4级	4
153091	9966991	紫玛瑙·3级	1
153091	9966991	物理防御水晶·5级	10
153091	9966991	物理攻击水晶·5级	10
153091	9966991	血宝石·5级	10
153091	9966991	雷灵珠·4级	5
153091	9966991	雷灵珠·5级	1
153091	9966991	法术防御水晶·5级	9
153091	9971211	圣灵珠·2级	1
153091	9971211	圣灵珠·3级	1
153091	9971211	圣灵珠·4级	2
153091	9971211	圣灵珠·5级	1
153091	9971211	物理防御水晶·4级	2
153091	9971211	物理防御水晶·5级	8
153091	9971211	血宝石·5级	10
153091	9971211	黑玛瑙·2级	2
153091	9971211	毒灵珠·3级	1
153091	9971211	毒灵珠·4级	4
153091	9971211	毒灵珠·5级	1
153091	9971211	法术防御水晶·4级	3
153091	9971211	法术防御水晶·5级	7
153091	9971211	法术攻击水晶·5级	10
153091	9971285	火灵珠·1级	2
153091	9971285	物理防御水晶·3级	1
153091	9971285	物理防御水晶·4级	8
153091	9971285	物理防御水晶·5级	1
153091	9971285	物理攻击水晶·5级	10
153091	9971285	血宝石·5级	10
153091	9971285	赤玛瑙·1级	1
153091	9971285	法术防御水晶·4级	10
153091	9971437	圣灵珠·4级	5
153091	9971437	圣灵珠·5级	4
153091	9971437	紫玛瑙·3级	2
153091	9971437	紫玛瑙·5级	1
153091	9971437	物理防御水晶·5级	9
153091	9971437	物理防御水晶·6级	1
153091	9971437	血宝石·6级	10
153091	9971437	水灵珠·4级	6
153091	9971437	水灵珠·5级	4
153091	9971437	法术命中眼石·5级	1
153091	9971437	法术防御水晶·5级	9
153091	9971437	法术防御水晶·6级	1
153091	9971437	法术攻击水晶·6级	10
153091	9971607	圣灵珠·3级	4
153091	9971607	圣灵珠·4级	6
153091	9971607	物理防御水晶·5级	9
153091	9971607	物理攻击水晶·5级	9
153091	9971607	物理攻击水晶·6级	1
153091	9971607	血宝石·5级	10
153091	9971607	黑玛瑙·4级	1
153091	9971607	雷灵珠·4级	2
153091	9971607	雷灵珠·5级	2
153091	9971607	法术防御水晶·5级	8
153091	9972143	圣灵珠·3级	4
153091	9972143	圣灵珠·4级	6
153091	9972143	物理防御水晶·5级	10
153091	9972143	血宝石·5级	1
153091	9972143	血宝石·6级	9
153091	9972143	黑玛瑙·1级	1
153091	9972143	黑玛瑙·2级	2
153091	9972143	黑玛瑙·3级	1
153091	9972143	黑玛瑙·4级	3
153091	9972143	毒灵珠·4级	10
153091	9972143	法术防御水晶·5级	10
153091	9972143	法术攻击水晶·5级	10
153091	9972143	木灵珠·4级	3
153091	9972331	圣灵珠·2级	2
153091	9972331	物理防御水晶·4级	3
153091	9972331	物理攻击水晶·4级	9
153091	9972331	物理攻击水晶·5级	1
153091	9972331	血宝石·4级	10
153091	9972331	法术防御水晶·4级	6
153091	9974905	圣灵珠·2级	2
153091	9974905	圣灵珠·3级	2
153091	9974905	圣灵珠·4级	6
153091	9974905	物理防御水晶·4级	2
153091	9974905	物理防御水晶·5级	4
153091	9974905	血宝石·5级	10
153091	9974905	赤玛瑙·1级	1
153091	9974905	毒灵珠·4级	6
153091	9974905	毒灵珠·5级	2
153091	9974905	法术防御水晶·3级	1
153091	9974905	法术防御水晶·4级	3
153091	9974905	法术防御水晶·5级	3
153091	9974905	法术攻击水晶·5级	1
153091	9974905	法术攻击水晶·6级	9
153091	9977969	圣灵珠·3级	6
153091	9977969	圣灵珠·4级	4
153091	9977969	物理防御水晶·5级	6
153091	9977969	血宝石·5级	10
153091	9977969	风灵珠·4级	7
153091	9977969	水灵珠·4级	1
153091	9977969	法术防御水晶·5级	8
153091	9977969	法术攻击水晶·4级	2
153091	9977969	法术攻击水晶·5级	8
153091	9978518	血宝石·1级	6
153091	9978518	血宝石·3级	1
153091	9978518	法力宝石·2级	1
153091	9978518	法术攻击水晶·3级	2
153091	9979700	圣灵珠·3级	1
153091	9979700	圣灵珠·4级	2
153091	9979700	圣灵珠·5级	1
153091	9979700	火灵珠·2级	2
153091	9979700	火灵珠·4级	2
153091	9979700	火灵珠·5级	2
153091	9979700	物理防御水晶·4级	3
153091	9979700	物理防御水晶·5级	3
153091	9979700	血宝石·5级	10
153091	9979700	赤玛瑙·2级	1
153091	9979700	法术防御水晶·5级	10
153091	9979700	法术攻击水晶·5级	10
153091	9980220	绿玛瑙·1级	1
153091	9980220	绿玛瑙·2级	1
153091	9980220	血宝石·4级	5
153091	9980220	血宝石·5级	4
153091	9980220	风灵珠·3级	5
153091	9980220	风灵珠·4级	1
153091	9980220	水灵珠·3级	3
153091	9980220	法术攻击水晶·4级	2
153091	9980220	法术攻击水晶·5级	1
153091	9980653	圣灵珠·2级	1
153091	9980653	圣灵珠·4级	4
153091	9980653	紫玛瑙·3级	2
153091	9980653	物理防御水晶·4级	10
153091	9980653	血宝石·5级	10
153091	9980653	风灵珠·3级	1
153091	9980653	风灵珠·4级	5
153091	9980653	风灵珠·5级	1
153091	9980653	法术防御水晶·4级	10
153091	9980653	法术攻击水晶·4级	1
153091	9980653	法术攻击水晶·5级	9
153091	9980812	圣灵珠·3级	9
153091	9980812	圣灵珠·4级	1
153091	9980812	紫玛瑙·3级	3
153091	9980812	紫玛瑙·4级	2
153091	9980812	物理防御水晶·5级	10
153091	9980812	物理攻击水晶·5级	10
153091	9980812	血宝石·5级	10
153091	9980812	雷灵珠·4级	3
153091	9980812	法术防御水晶·5级	8
153091	9981964	圣灵珠·4级	5
153091	9981964	圣灵珠·5级	5
153091	9981964	紫玛瑙·4级	9
153091	9981964	紫玛瑙·5级	1
153091	9981964	物理防御水晶·4级	7
153091	9981964	物理防御水晶·5级	3
153091	9981964	物理攻击水晶·6级	4
153091	9981964	物理攻击水晶·7级	6
153091	9981964	血宝石·6级	10
153091	9981964	雷灵珠·5级	8
153091	9981964	雷灵珠·6级	2
153091	9981964	法术防御水晶·4级	4
153091	9981964	法术防御水晶·5级	6
153091	9985429	血宝石·1级	6
153091	9985429	血宝石·2级	1
153091	9985429	血宝石·3级	3
153091	9985704	火灵珠·2级	2
153091	9985704	物理攻击水晶·3级	1
153091	9985704	血宝石·3级	8
153091	9985704	血宝石·4级	2
153091	9987436	血宝石·4级	9
153091	9987436	血宝石·5级	1
153091	9987436	法术防御水晶·4级	2
153091	9987436	法术攻击水晶·4级	9
153091	9987436	法术攻击水晶·5级	1
153091	9993114	血宝石·3级	4
153091	9993114	血宝石·4级	1
153091	9994912	血宝石·1级	3
153091	9994912	血宝石·3级	1
153091	9995768	圣灵珠·1级	1
153091	9995768	圣灵珠·2级	1
153091	9995768	圣灵珠·3级	5
153091	9995768	紫玛瑙·2级	1
153091	9995768	物理攻击水晶·5级	6
153091	9995768	血宝石·5级	9
153091	9995768	血宝石·6级	1
153091	9995768	雷灵珠·3级	4
153091	9995768	雷灵珠·4级	4
153091	9995768	法术防御水晶·4级	1
153091	9995768	法术防御水晶·5级	1
153091	9998373	血宝石·1级	1
153091	9998373	血宝石·2级	1
153091	9998373	血宝石·3级	1
153091	10000883	圣灵珠·3级	8
153091	10000883	圣灵珠·4级	2
153091	10000883	紫玛瑙·3级	10
153091	10000883	物理防御水晶·5级	10
153091	10000883	物理攻击水晶·5级	9
153091	10000883	物理攻击水晶·6级	1
153091	10000883	血宝石·5级	9
153091	10000883	血宝石·6级	1
153091	10000883	雷灵珠·3级	1
153091	10000883	雷灵珠·4级	9
153091	10000883	法术防御水晶·5级	5
153091	10000899	物理攻击水晶·3级	1
153091	10000899	血宝石·1级	3
153091	10000899	血宝石·3级	3
153091	10001062	火灵珠·4级	2
153091	10001062	火灵珠·5级	1
153091	10001062	物理防御水晶·5级	7
153091	10001062	物理攻击水晶·5级	8
153091	10001062	血宝石·5级	10
153091	10001062	法术防御水晶·5级	1
153091	10001475	火灵珠·4级	1
153091	10001475	火灵珠·5级	1
153091	10001475	物理防御水晶·4级	1
153091	10001475	物理防御水晶·5级	7
153091	10001475	物理攻击水晶·4级	2
153091	10001475	物理攻击水晶·5级	7
153091	10001475	血宝石·4级	2
153091	10001475	血宝石·5级	8
153091	10001490	圣灵珠·4级	1
153091	10001490	物理防御水晶·5级	5
153091	10001490	血宝石·5级	10
153091	10001490	毒灵珠·4级	3
153091	10001490	法术防御水晶·5级	2
153091	10001490	法术攻击水晶·5级	8
153091	10001501	圣灵珠·3级	1
153091	10001501	圣灵珠·4级	2
153091	10001501	物理防御水晶·4级	1
153091	10001501	物理防御水晶·5级	5
153091	10001501	血宝石·5级	10
153091	10001501	毒灵珠·5级	1
153091	10001501	法术防御水晶·5级	1
153091	10001501	法术攻击水晶·4级	1
153091	10001501	法术攻击水晶·5级	7
153091	10003975	火灵珠·4级	2
153091	10003975	火灵珠·5级	1
153091	10003975	物理防御水晶·4级	3
153091	10003975	物理防御水晶·5级	6
153091	10003975	物理闪避石·5级	1
153091	10003975	物理攻击水晶·4级	2
153091	10003975	物理攻击水晶·5级	6
153091	10003975	血宝石·4级	1
153091	10003975	血宝石·5级	7
153091	10003977	物理防御水晶·4级	3
153091	10003977	物理防御水晶·5级	6
153091	10003977	物理攻击水晶·4级	2
153091	10003977	物理攻击水晶·5级	5
153091	10003977	血宝石·4级	2
153091	10003977	血宝石·5级	7
153091	10003977	雷灵珠·4级	1
153091	10003977	雷灵珠·5级	1
153091	10003977	法术防御水晶·4级	1
153091	10003977	法术防御水晶·5级	1
153091	10004841	血宝石·1级	2
153091	10004841	血宝石·2级	2
153091	10004841	血宝石·3级	5
153091	10004841	血宝石·4级	1
153091	10004955	物理攻击水晶·4级	1
153091	10004955	血宝石·1级	6
153091	10004955	血宝石·2级	1
153091	10004955	血宝石·3级	1
153091	10004955	血宝石·4级	1
153091	10005088	物理防御水晶·4级	3
153091	10005088	物理防御水晶·5级	7
153091	10005088	血宝石·4级	3
153091	10005088	血宝石·5级	7
153091	10005088	毒灵珠·5级	1
153091	10005088	法术攻击水晶·4级	2
153091	10005088	法术攻击水晶·5级	6
153091	10005111	圣灵珠·3级	1
153091	10005111	物理防御水晶·4级	2
153091	10005111	物理防御水晶·5级	6
153091	10005111	血宝石·4级	3
153091	10005111	血宝石·5级	7
153091	10005111	风灵珠·4级	1
153091	10005111	水灵珠·5级	1
153091	10005111	法术攻击水晶·4级	3
153091	10005111	法术攻击水晶·5级	5
153091	10005531	圣灵珠·4级	1
153091	10005531	火灵珠·4级	4
153091	10005531	物理防御水晶·4级	1
153091	10005531	物理防御水晶·5级	5
153091	10005531	物理攻击水晶·4级	2
153091	10005531	物理攻击水晶·5级	6
153091	10005531	血宝石·4级	1
153091	10005531	血宝石·5级	8
153091	10005531	法术防御水晶·5级	1
153091	10005545	圣灵珠·2级	1
153091	10005545	圣灵珠·4级	1
153091	10005545	物理防御水晶·4级	2
153091	10005545	物理防御水晶·5级	3
153091	10005545	物理闪避石·5级	1
153091	10005545	物理攻击水晶·4级	1
153091	10005545	物理攻击水晶·5级	6
153091	10005545	血宝石·4级	2
153091	10005545	血宝石·5级	8
153091	10005545	雷灵珠·4级	3
153091	10005545	雷灵珠·5级	1
153091	10005551	圣灵珠·4级	1
153091	10005551	物理防御水晶·4级	3
153091	10005551	物理防御水晶·5级	6
153091	10005551	血宝石·4级	3
153091	10005551	血宝石·5级	7
153091	10005551	毒灵珠·4级	2
153091	10005551	毒灵珠·5级	1
153091	10005551	法术攻击水晶·3级	1
153091	10005551	法术攻击水晶·4级	1
153091	10005551	法术攻击水晶·5级	4
153091	10005562	物理防御水晶·4级	4
153091	10005562	物理防御水晶·5级	5
153091	10005562	血宝石·4级	4
153091	10005562	血宝石·5级	6
153091	10005562	水灵珠·4级	1
153091	10005562	水灵珠·5级	1
153091	10005562	法术攻击水晶·4级	3
153091	10005562	法术攻击水晶·5级	5
153091	10005890	火灵珠·1级	2
153091	10005890	物理闪避石·1级	3
153091	10005890	血宝石·2级	2
153091	10005890	血宝石·3级	2
153091	10005890	血宝石·4级	1
153091	10007957	圣灵珠·3级	9
153091	10007957	物理防御水晶·5级	8
153091	10007957	物理防御水晶·6级	2
153091	10007957	物理攻击水晶·5级	1
153091	10007957	血宝石·5级	5
153091	10007957	血宝石·6级	1
153091	10007957	雷灵珠·4级	1
153091	10007957	雷灵珠·5级	2
153091	10008388	圣灵珠·4级	1
153091	10008388	火灵珠·4级	4
153091	10008388	物理防御水晶·4级	2
153091	10008388	物理防御水晶·5级	4
153091	10008388	物理攻击水晶·4级	1
153091	10008388	物理攻击水晶·5级	4
153091	10008388	血宝石·4级	2
153091	10008388	血宝石·5级	8
153091	10008388	法术防御水晶·4级	2
153091	10008388	法术防御水晶·5级	1
153091	10008390	物理防御水晶·4级	3
153091	10008390	物理防御水晶·5级	4
153091	10008390	血宝石·4级	2
153091	10008390	血宝石·5级	7
153091	10008390	风灵珠·4级	1
153091	10008390	水灵珠·4级	3
153091	10008390	法术防御水晶·4级	1
153091	10008390	法术防御水晶·5级	2
153091	10008390	法术攻击水晶·4级	2
153091	10008390	法术攻击水晶·5级	4
153091	10008393	圣灵珠·3级	1
153091	10008393	物理防御水晶·4级	3
153091	10008393	物理防御水晶·5级	5
153091	10008393	物理攻击水晶·4级	3
153091	10008393	物理攻击水晶·5级	5
153091	10008393	血宝石·4级	3
153091	10008393	血宝石·5级	7
153091	10008393	雷灵珠·4级	1
153091	10008393	雷灵珠·5级	1
153091	10008402	圣灵珠·3级	1
153091	10008402	圣灵珠·4级	1
153091	10008402	物理防御水晶·4级	1
153091	10008402	物理防御水晶·5级	4
153091	10008402	血宝石·3级	1
153091	10008402	血宝石·4级	2
153091	10008402	血宝石·5级	6
153091	10008402	毒灵珠·4级	3
153091	10008402	法术防御水晶·4级	1
153091	10008402	法术防御水晶·5级	3
153091	10008402	法术攻击水晶·4级	1
153091	10008402	法术攻击水晶·5级	5
153091	10008535	血宝石·1级	6
153091	10008535	血宝石·2级	1
153091	10008535	血宝石·3级	2
153091	10008535	血宝石·4级	1
153091	10008535	法术攻击水晶·3级	1
153091	10009758	圣灵珠·2级	4
153091	10009758	物理命中眼石·2级	1
153091	10009758	物理闪避石·2级	1
153091	10009758	物理攻击水晶·3级	1
153091	10009758	血宝石·3级	3
153091	10009758	血宝石·4级	7
153091	10009758	法力宝石·3级	2
153091	10009758	法力宝石·4级	1
153091	10009758	法术命中眼石·2级	1
153091	10009758	法术命中眼石·3级	1
153091	10009758	法术防御水晶·2级	2
153091	10009758	法术防御水晶·3级	1
153091	10009758	法术闪避石·2级	1
153091	10009758	法术攻击水晶·2级	1
153091	10009758	法术攻击水晶·3级	2
153091	10009758	法术攻击水晶·4级	2
153091	10013009	圣灵珠·3级	7
153091	10013009	火灵珠·4级	1
153091	10013009	物理攻击水晶·4级	4
153091	10013009	物理攻击水晶·5级	4
153091	10013009	血宝石·5级	10
153091	10013009	法力宝石·5级	1
153091	10013009	木灵珠·4级	2
153091	10013417	物理攻击水晶·4级	3
153091	10013417	血宝石·3级	1
153091	10013417	血宝石·4级	7
153091	10016572	圣灵珠·2级	1
153091	10016572	火灵珠·1级	1
153091	10016572	火灵珠·2级	1
153091	10016572	物理防御水晶·1级	2
153091	10016572	物理攻击水晶·5级	2
153091	10016572	血宝石·5级	1
153091	10016572	毒灵珠·1级	2
153091	10016572	毒灵珠·2级	2
153091	10016572	毒灵珠·3级	1
153091	10016572	法力宝石·1级	2
153091	10017690	血宝石·1级	6
153091	10017690	血宝石·3级	3
153091	10017690	血宝石·4级	1
153091	10054751	圣灵珠·4级	1
153091	10054751	火灵珠·4级	1
153091	10054751	火灵珠·5级	1
153091	10054751	物理防御水晶·4级	3
153091	10054751	物理防御水晶·5级	4
153091	10054751	物理攻击水晶·3级	1
153091	10054751	物理攻击水晶·4级	2
153091	10054751	物理攻击水晶·5级	5
153091	10054751	血宝石·4级	2
153091	10054751	血宝石·5级	8
153091	10054759	物理防御水晶·3级	1
153091	10054759	物理防御水晶·4级	2
153091	10054759	物理防御水晶·5级	5
153091	10054759	物理攻击水晶·4级	3
153091	10054759	物理攻击水晶·5级	5
153091	10054759	血宝石·4级	5
153091	10054759	血宝石·5级	5
153091	10054759	雷灵珠·4级	1
153091	10054759	雷灵珠·5级	1
153091	10054830	物理防御水晶·4级	2
153091	10054830	物理防御水晶·5级	4
153091	10054830	血宝石·4级	4
153091	10054830	血宝石·5级	6
153091	10054830	水灵珠·4级	1
153091	10054830	水灵珠·5级	1
153091	10054830	法术防御水晶·4级	2
153091	10054830	法术攻击水晶·4级	2
153091	10054830	法术攻击水晶·5级	6
153091	10054840	物理防御水晶·4级	2
153091	10054840	物理防御水晶·5级	5
153091	10054840	物理闪避石·5级	1
153091	10054840	血宝石·4级	4
153091	10054840	血宝石·5级	6
153091	10054840	毒灵珠·4级	3
153091	10054840	法术防御水晶·4级	2
153091	10054840	法术防御水晶·5级	1
153091	10054840	法术攻击水晶·4级	2
153091	10054840	法术攻击水晶·5级	2
153091	10064369	圣灵珠·2级	1
153091	10064369	物理防御水晶·4级	8
153091	10064369	物理防御水晶·5级	2
153091	10064369	血宝石·3级	1
153091	10064369	毒灵珠·2级	2
153091	10064369	毒灵珠·4级	1
153091	10064369	法术攻击水晶·4级	5
153091	10064369	法术攻击水晶·5级	1
153091	10071998	圣灵珠·3级	1
153091	10071998	物理攻击水晶·3级	7
153091	10071998	血宝石·3级	5
153091	10071998	血宝石·4级	1
153091	10071998	雷灵珠·2级	4
153091	10071998	雷灵珠·3级	1
153091	10076683	圣灵珠·2级	3
153091	10076683	血宝石·3级	3
153091	10076683	血宝石·4级	6
153091	10076683	风灵珠·2级	3
153091	10076987	圣灵珠·2级	2
153091	10076987	血宝石·2级	1
153091	10076987	血宝石·3级	4
153091	10076987	血宝石·4级	3
153091	10076987	水灵珠·3级	1
153091	10077712	血宝石·1级	7
153091	10077712	血宝石·2级	1
153091	10077712	血宝石·3级	1
153091	10077712	血宝石·4级	1
153091	10080221	圣灵珠·2级	3
153091	10080221	物理防御水晶·4级	3
153091	10080221	物理防御水晶·5级	7
153091	10080221	血宝石·4级	1
153091	10080221	血宝石·5级	1
153091	10080221	风灵珠·4级	1
153091	10080221	法术攻击水晶·4级	5
153091	10080225	物理防御水晶·4级	6
153091	10080225	物理防御水晶·5级	4
153091	10080225	血宝石·4级	1
153091	10080225	毒灵珠·4级	1
153091	10080225	法术攻击水晶·3级	3
153091	10080225	法术攻击水晶·4级	5
153091	10080230	物理防御水晶·4级	5
153091	10080230	物理防御水晶·5级	5
153091	10080230	血宝石·4级	3
153091	10080230	法术攻击水晶·3级	1
153091	10080230	法术攻击水晶·4级	7
153091	10097829	圣灵珠·3级	1
153091	10097829	圣灵珠·4级	2
153091	10097829	物理防御水晶·4级	2
153091	10097829	物理防御水晶·5级	2
153091	10097829	物理攻击水晶·5级	5
153091	10097829	物理攻击水晶·6级	1
153091	10097829	血宝石·5级	10
153091	10097829	雷灵珠·3级	1
153091	10097829	雷灵珠·5级	2
153091	10097835	圣灵珠·3级	1
153091	10097835	圣灵珠·4级	2
153091	10097835	物理防御水晶·4级	1
153091	10097835	物理防御水晶·5级	1
153091	10097835	血宝石·5级	10
153091	10097835	毒灵珠·4级	4
153091	10097835	毒灵珠·5级	1
153091	10097835	法术防御水晶·5级	1
153091	10097835	法术攻击水晶·5级	3
153091	10097835	法术攻击水晶·6级	2
153091	10100645	火灵珠·2级	2
153091	10100645	物理攻击水晶·2级	2
153091	10100645	血宝石·1级	4
153091	10100645	血宝石·2级	2
153091	10100645	血宝石·3级	3
153091	10100645	血宝石·4级	1
153091	10107034	圣灵珠·4级	1
153091	10107034	物理防御水晶·5级	3
153091	10107034	血宝石·4级	7
153091	10107034	血宝石·5级	3
153091	10107034	毒灵珠·3级	1
153091	10107034	毒灵珠·4级	3
153091	10107034	法术防御水晶·4级	5
153091	10107034	法术防御水晶·5级	2
153091	10107034	法术攻击水晶·4级	5
153091	10107034	法术攻击水晶·5级	5
153091	10112267	圣灵珠·2级	1
153091	10112267	血宝石·3级	3
153091	10112267	血宝石·4级	1
153091	10112267	风灵珠·2级	1
153091	10112270	圣灵珠·2级	2
153091	10112270	血宝石·3级	3
153091	10112270	血宝石·4级	1
153091	10112270	毒灵珠·2级	2
153091	10112714	圣灵珠·2级	1
153091	10112714	火灵珠·2级	1
153091	10112714	物理命中眼石·4级	1
153091	10112714	血宝石·1级	1
153091	10112714	血宝石·2级	2
153091	10112714	血宝石·3级	2
153091	10112714	血宝石·4级	1
153091	10112714	血宝石·5级	1
153091	10112714	法力宝石·3级	1
153091	10113787	血宝石·3级	7
153091	10113787	血宝石·4级	3
153091	10113787	风灵珠·2级	2
153091	10113787	法术攻击水晶·3级	4
153091	10113787	法术攻击水晶·4级	3
153091	10122661	物理防御水晶·4级	7
153091	10122661	物理防御水晶·5级	3
153091	10122661	血宝石·4级	10
153091	10122661	法术防御水晶·4级	1
153091	10139266	圣灵珠·2级	2
153091	10139266	圣灵珠·3级	1
153091	10139266	火灵珠·3级	3
153091	10139266	火灵珠·4级	2
153091	10139266	物理攻击水晶·3级	2
153091	10139266	物理攻击水晶·4级	3
153091	10139266	血宝石·4级	2
153091	10139266	血宝石·5级	6
153091	10139928	血宝石·3级	8
153091	10139928	血宝石·4级	1
153091	10139928	毒灵珠·1级	2
153091	10139928	法术攻击水晶·3级	3
153091	10140237	火灵珠·4级	1
153091	10140237	物理防御水晶·4级	3
153091	10140237	物理防御水晶·5级	5
153091	10140237	物理攻击水晶·4级	3
153091	10140237	物理攻击水晶·5级	2
153091	10140237	血宝石·4级	4
153091	10140237	血宝石·5级	5
153091	10140238	物理防御水晶·4级	4
153091	10140238	物理防御水晶·5级	3
153091	10140238	物理攻击水晶·4级	1
153091	10140238	物理攻击水晶·5级	2
153091	10140238	血宝石·4级	6
153091	10140238	血宝石·5级	4
153091	10140238	雷灵珠·4级	1
153091	10140238	法术防御水晶·5级	1
153091	10140245	圣灵珠·3级	1
153091	10140245	物理防御水晶·4级	1
153091	10140245	物理防御水晶·5级	2
153091	10140245	血宝石·4级	5
153091	10140245	血宝石·5级	5
153091	10140245	毒灵珠·4级	2
153091	10140245	法术防御水晶·4级	1
153091	10140245	法术防御水晶·5级	3
153091	10140245	法术攻击水晶·4级	1
153091	10140245	法术攻击水晶·5级	2
153091	10140251	圣灵珠·3级	1
153091	10140251	物理防御水晶·4级	3
153091	10140251	物理防御水晶·5级	3
153091	10140251	物理闪避石·5级	1
153091	10140251	血宝石·4级	4
153091	10140251	血宝石·5级	6
153091	10140251	毒灵珠·4级	3
153091	10140251	法术攻击水晶·5级	2
153091	10141067	圣灵珠·2级	2
153091	10141067	血宝石·1级	1
153091	10141067	血宝石·3级	2
153091	10141067	血宝石·4级	1
153091	10141067	雷灵珠·2级	2
153091	10144207	圣灵珠·3级	2
153091	10144207	圣灵珠·4级	1
153091	10144207	火灵珠·3级	1
153091	10144207	火灵珠·4级	1
153091	10144207	火灵珠·5级	1
153091	10144207	物理防御水晶·5级	3
153091	10144207	物理攻击水晶·5级	5
153091	10144207	血宝石·5级	10
153091	10149300	圣灵珠·2级	2
153091	10149300	火灵珠·2级	2
153091	10149300	血宝石·4级	6
153091	10149717	圣灵珠·2级	2
153091	10149717	火灵珠·2级	2
153091	10149717	物理攻击水晶·4级	1
153091	10149717	血宝石·4级	6
153091	10154419	火灵珠·3级	2
153091	10154419	火灵珠·4级	1
153091	10154419	物理防御水晶·4级	5
153091	10154419	物理防御水晶·5级	2
153091	10154419	物理攻击水晶·4级	2
153091	10154419	物理攻击水晶·5级	2
153091	10154419	血宝石·4级	3
153091	10154419	血宝石·5级	4
153091	10154429	物理防御水晶·3级	1
153091	10154429	物理防御水晶·4级	4
153091	10154429	物理防御水晶·5级	3
153091	10154429	血宝石·4级	4
153091	10154429	血宝石·5级	4
153091	10154429	毒灵珠·4级	2
153091	10154429	法术防御水晶·4级	1
153091	10154429	法术攻击水晶·4级	2
153091	10154449	圣灵珠·2级	1
153091	10154449	物理防御水晶·4级	3
153091	10154449	物理防御水晶·5级	3
153091	10154449	物理攻击水晶·5级	1
153091	10154449	血宝石·4级	5
153091	10154449	血宝石·5级	5
153091	10154449	毒灵珠·3级	1
153091	10154449	毒灵珠·4级	1
153091	10154449	法术攻击水晶·4级	1
153091	10154474	物理防御水晶·3级	1
153091	10154474	物理防御水晶·4级	4
153091	10154474	物理防御水晶·5级	3
153091	10154474	物理攻击水晶·4级	1
153091	10154474	物理攻击水晶·5级	1
153091	10154474	血宝石·4级	7
153091	10154474	血宝石·5级	3
153091	10154474	雷灵珠·4级	1
153091	10156476	圣灵珠·2级	1
153091	10156476	血宝石·2级	1
153091	10156476	血宝石·3级	8
153091	10156476	血宝石·4级	1
153091	10156476	雷灵珠·2级	1
153091	10167098	物理防御水晶·3级	1
153091	10167098	物理防御水晶·4级	9
153091	10176102	血宝石·3级	1
153091	10178736	圣灵珠·2级	1
153091	10178736	火灵珠·2级	1
153091	10178736	血宝石·3级	3
153091	10178736	血宝石·4级	1
153091	10182147	血宝石·1级	4
153091	10182147	血宝石·2级	1
153091	10182147	血宝石·3级	5
153091	10185781	物理攻击水晶·3级	1
153091	10185781	物理攻击水晶·4级	5
153091	10185781	血宝石·4级	10
153091	10185824	血宝石·4级	10
153091	10185824	法术攻击水晶·4级	4
153091	10185824	法术攻击水晶·5级	1
153091	10201658	圣灵珠·2级	1
153091	10201658	火灵珠·2级	1
153091	10201658	物理攻击水晶·3级	1
153091	10201658	血宝石·1级	3
153091	10201658	血宝石·3级	2
153091	10201658	血宝石·4级	1
153091	10215611	物理攻击水晶·3级	2
153091	10215611	血宝石·3级	9
153091	10215611	血宝石·4级	1
153091	10216030	血宝石·2级	3
153091	10216030	血宝石·3级	7
153091	10216030	法术攻击水晶·4级	2
153091	10231872	物理攻击水晶·3级	1
153091	10231872	血宝石·1级	1
153091	10234133	血宝石·1级	7
153091	10234133	血宝石·3级	2
153091	10234133	血宝石·4级	1
153091	10240555	血宝石·3级	10
153091	10240555	法术攻击水晶·3级	4
153091	10240555	法术攻击水晶·4级	1
153091	10273022	物理命中眼石·1级	1
153091	10273022	血宝石·1级	4
153091	10273022	血宝石·2级	2
153091	10273022	血宝石·3级	1
153091	10315687	物理攻击水晶·3级	1
153091	10315687	血宝石·1级	7
153091	10315687	血宝石·3级	2
153091	10315687	血宝石·4级	1
153091	10316920	血宝石·1级	3
153091	10316920	血宝石·3级	2
153091	10316920	血宝石·4级	1
153091	10317555	物理攻击水晶·3级	1
153091	10317555	血宝石·1级	7
153091	10317805	血宝石·3级	2
153091	10321122	血宝石·3级	3
153091	10338138	血宝石·1级	3
153091	10338138	血宝石·2级	1
153091	10338138	血宝石·3级	3
153091	10338195	血宝石·1级	3
153091	10338195	血宝石·2级	1
153091	10338195	血宝石·3级	3
153091	10338416	物理攻击水晶·3级	1
153091	10338416	血宝石·1级	3
153091	10338416	血宝石·2级	1
153091	10338416	血宝石·3级	2
