gateway_id	sheet_id	count	player_count
146086	圣灵珠·1级	2	1
146086	圣灵珠·1级	3	1
146086	圣灵珠·2级	1	5
146086	圣灵珠·2级	2	8
146086	圣灵珠·2级	3	11
146086	圣灵珠·2级	4	1
146086	圣灵珠·3级	1	8
146086	圣灵珠·3级	2	6
146086	圣灵珠·3级	3	2
146086	圣灵珠·3级	4	6
146086	圣灵珠·3级	5	4
146086	圣灵珠·4级	1	5
146086	圣灵珠·4级	2	2
146086	圣灵珠·4级	3	2
146086	圣灵珠·4级	4	4
146086	圣灵珠·4级	5	8
146086	圣灵珠·4级	6	2
146086	圣灵珠·4级	7	4
146086	圣灵珠·4级	8	9
146086	圣灵珠·4级	9	5
146086	圣灵珠·4级	10	2
146086	圣灵珠·5级	1	7
146086	圣灵珠·5级	2	9
146086	圣灵珠·5级	3	2
146086	圣灵珠·5级	4	3
146086	圣灵珠·5级	5	1
146086	圣灵珠·5级	6	2
146086	圣灵珠·5级	7	1
146086	圣灵珠·5级	8	1
146086	圣灵珠·5级	9	2
146086	圣灵珠·5级	10	1
146086	圣灵珠·6级	1	1
146086	圣灵珠·6级	2	3
146086	圣灵珠·6级	6	1
146086	火灵珠·1级	1	4
146086	火灵珠·1级	2	1
146086	火灵珠·2级	1	5
146086	火灵珠·2级	3	2
146086	火灵珠·2级	4	2
146086	火灵珠·3级	1	4
146086	火灵珠·3级	2	2
146086	火灵珠·3级	3	1
146086	火灵珠·3级	5	2
146086	火灵珠·3级	9	1
146086	火灵珠·4级	1	3
146086	火灵珠·4级	2	1
146086	火灵珠·4级	3	1
146086	火灵珠·4级	6	1
146086	火灵珠·4级	8	1
146086	火灵珠·5级	1	1
146086	火灵珠·5级	2	1
146086	火灵珠·5级	4	2
146086	火灵珠·5级	5	2
146086	火灵珠·5级	6	1
146086	火灵珠·5级	8	2
146086	火灵珠·5级	9	1
146086	火灵珠·5级	10	2
146086	火灵珠·6级	1	1
146086	火灵珠·6级	2	3
146086	火灵珠·6级	4	1
146086	紫玛瑙·1级	1	1
146086	紫玛瑙·2级	1	1
146086	紫玛瑙·2级	2	1
146086	紫玛瑙·3级	1	2
146086	紫玛瑙·3级	2	1
146086	紫玛瑙·3级	3	1
146086	紫玛瑙·4级	1	1
146086	绿玛瑙·3级	1	1
146086	绿玛瑙·5级	2	1
146086	物理命中眼石·1级	1	2
146086	物理命中眼石·3级	1	2
146086	物理命中眼石·4级	1	1
146086	物理命中眼石·5级	1	1
146086	物理命中眼石·5级	2	1
146086	物理命中眼石·5级	7	1
146086	物理防御水晶·1级	1	1
146086	物理防御水晶·2级	1	2
146086	物理防御水晶·3级	1	6
146086	物理防御水晶·3级	4	1
146086	物理防御水晶·4级	1	4
146086	物理防御水晶·4级	2	3
146086	物理防御水晶·4级	3	3
146086	物理防御水晶·4级	6	1
146086	物理防御水晶·4级	7	2
146086	物理防御水晶·4级	10	1
146086	物理防御水晶·5级	1	3
146086	物理防御水晶·5级	2	4
146086	物理防御水晶·5级	3	2
146086	物理防御水晶·5级	4	1
146086	物理防御水晶·5级	6	2
146086	物理防御水晶·5级	8	3
146086	物理防御水晶·5级	9	2
146086	物理防御水晶·5级	10	19
146086	物理防御水晶·6级	1	2
146086	物理防御水晶·6级	2	1
146086	物理防御水晶·6级	3	1
146086	物理防御水晶·6级	4	1
146086	物理防御水晶·6级	5	1
146086	物理防御水晶·6级	8	1
146086	物理防御水晶·6级	10	4
146086	物理防御水晶·7级	2	1
146086	物理闪避石·1级	1	1
146086	物理闪避石·2级	1	1
146086	物理闪避石·3级	2	1
146086	物理闪避石·4级	1	5
146086	物理闪避石·4级	2	1
146086	物理闪避石·5级	1	1
146086	物理闪避石·5级	4	1
146086	物理攻击水晶·1级	1	4
146086	物理攻击水晶·1级	3	1
146086	物理攻击水晶·2级	1	1
146086	物理攻击水晶·2级	2	3
146086	物理攻击水晶·2级	3	1
146086	物理攻击水晶·3级	1	26
146086	物理攻击水晶·3级	2	2
146086	物理攻击水晶·3级	3	1
146086	物理攻击水晶·3级	4	1
146086	物理攻击水晶·3级	7	1
146086	物理攻击水晶·4级	1	12
146086	物理攻击水晶·4级	2	2
146086	物理攻击水晶·4级	5	1
146086	物理攻击水晶·4级	6	2
146086	物理攻击水晶·4级	8	1
146086	物理攻击水晶·4级	10	1
146086	物理攻击水晶·5级	1	6
146086	物理攻击水晶·5级	2	4
146086	物理攻击水晶·5级	3	1
146086	物理攻击水晶·5级	4	1
146086	物理攻击水晶·5级	6	3
146086	物理攻击水晶·5级	8	1
146086	物理攻击水晶·5级	9	1
146086	物理攻击水晶·6级	1	1
146086	物理攻击水晶·6级	3	1
146086	物理攻击水晶·6级	4	3
146086	物理攻击水晶·6级	6	1
146086	物理攻击水晶·6级	10	9
146086	物理攻击水晶·7级	4	1
146086	物理攻击水晶·7级	7	1
146086	白玛瑙·2级	1	3
146086	白玛瑙·2级	2	1
146086	白玛瑙·3级	1	4
146086	白玛瑙·3级	2	2
146086	白玛瑙·3级	4	1
146086	白玛瑙·4级	1	1
146086	白玛瑙·4级	2	2
146086	白玛瑙·4级	4	2
146086	白玛瑙·4级	5	1
146086	白玛瑙·4级	6	1
146086	白玛瑙·5级	2	1
146086	白玛瑙·5级	7	1
146086	白玛瑙·6级	1	1
146086	血宝石·1级	1	6
146086	血宝石·1级	2	5
146086	血宝石·1级	3	5
146086	血宝石·1级	5	7
146086	血宝石·2级	1	9
146086	血宝石·2级	2	3
146086	血宝石·2级	3	2
146086	血宝石·3级	1	7
146086	血宝石·3级	2	12
146086	血宝石·3级	3	21
146086	血宝石·3级	4	3
146086	血宝石·3级	5	12
146086	血宝石·3级	6	3
146086	血宝石·3级	7	1
146086	血宝石·3级	8	2
146086	血宝石·4级	1	20
146086	血宝石·4级	2	12
146086	血宝石·4级	3	11
146086	血宝石·4级	4	7
146086	血宝石·4级	5	3
146086	血宝石·4级	6	2
146086	血宝石·4级	7	3
146086	血宝石·4级	8	3
146086	血宝石·4级	9	3
146086	血宝石·4级	10	3
146086	血宝石·5级	1	8
146086	血宝石·5级	2	19
146086	血宝石·5级	3	3
146086	血宝石·5级	4	1
146086	血宝石·5级	5	1
146086	血宝石·5级	6	3
146086	血宝石·5级	7	1
146086	血宝石·5级	8	4
146086	血宝石·5级	9	9
146086	血宝石·5级	10	13
146086	血宝石·6级	1	8
146086	血宝石·6级	2	3
146086	血宝石·6级	3	1
146086	血宝石·6级	4	1
146086	血宝石·6级	8	1
146086	血宝石·6级	9	1
146086	血宝石·6级	10	11
146086	血宝石·7级	2	1
146086	风灵珠·1级	1	2
146086	风灵珠·2级	1	2
146086	风灵珠·3级	1	2
146086	风灵珠·3级	2	2
146086	风灵珠·3级	3	1
146086	风灵珠·3级	9	1
146086	风灵珠·4级	1	2
146086	风灵珠·4级	2	1
146086	风灵珠·4级	5	2
146086	风灵珠·4级	6	1
146086	风灵珠·4级	7	2
146086	风灵珠·4级	8	2
146086	风灵珠·4级	9	1
146086	风灵珠·4级	10	1
146086	风灵珠·5级	1	2
146086	风灵珠·5级	2	4
146086	风灵珠·5级	3	1
146086	风灵珠·5级	6	1
146086	风灵珠·5级	10	1
146086	风灵珠·6级	3	1
146086	黑玛瑙·1级	2	1
146086	黑玛瑙·2级	1	1
146086	黑玛瑙·2级	3	2
146086	黑玛瑙·3级	1	2
146086	黑玛瑙·3级	2	2
146086	黑玛瑙·4级	1	2
146086	黑玛瑙·4级	2	1
146086	黑玛瑙·4级	4	1
146086	黑玛瑙·5级	1	1
146086	黑玛瑙·5级	4	2
146086	黑玛瑙·5级	6	1
146086	黑玛瑙·6级	6	1
146086	赤玛瑙·2级	1	4
146086	赤玛瑙·3级	1	2
146086	赤玛瑙·3级	2	2
146086	赤玛瑙·3级	8	1
146086	赤玛瑙·4级	1	1
146086	赤玛瑙·4级	3	2
146086	赤玛瑙·4级	10	1
146086	赤玛瑙·5级	3	1
146086	赤玛瑙·5级	5	1
146086	赤玛瑙·5级	6	1
146086	赤玛瑙·5级	7	1
146086	赤玛瑙·5级	9	1
146086	赤玛瑙·6级	1	1
146086	赤玛瑙·6级	2	1
146086	蓝玛瑙·2级	1	1
146086	蓝玛瑙·3级	2	1
146086	雷灵珠·1级	1	1
146086	雷灵珠·2级	1	2
146086	雷灵珠·2级	5	1
146086	雷灵珠·3级	1	3
146086	雷灵珠·3级	2	1
146086	雷灵珠·3级	5	2
146086	雷灵珠·4级	1	1
146086	雷灵珠·4级	2	1
146086	雷灵珠·4级	4	1
146086	雷灵珠·4级	5	1
146086	雷灵珠·4级	9	1
146086	雷灵珠·4级	10	1
146086	雷灵珠·5级	2	1
146086	雷灵珠·5级	5	1
146086	雷灵珠·5级	9	1
146086	雷灵珠·6级	1	1
146086	毒灵珠·1级	1	2
146086	毒灵珠·1级	4	1
146086	毒灵珠·2级	1	3
146086	毒灵珠·2级	2	1
146086	毒灵珠·3级	1	4
146086	毒灵珠·3级	2	2
146086	毒灵珠·3级	3	2
146086	毒灵珠·3级	4	2
146086	毒灵珠·3级	6	1
146086	毒灵珠·4级	1	2
146086	毒灵珠·4级	2	4
146086	毒灵珠·4级	4	1
146086	毒灵珠·4级	6	4
146086	毒灵珠·4级	9	2
146086	毒灵珠·4级	10	1
146086	毒灵珠·5级	1	3
146086	毒灵珠·5级	3	2
146086	毒灵珠·5级	4	2
146086	毒灵珠·5级	5	1
146086	毒灵珠·5级	6	1
146086	毒灵珠·5级	9	1
146086	毒灵珠·6级	1	1
146086	毒灵珠·6级	4	1
146086	水灵珠·2级	1	2
146086	水灵珠·3级	1	1
146086	水灵珠·3级	3	1
146086	水灵珠·3级	4	1
146086	水灵珠·4级	1	3
146086	水灵珠·4级	2	1
146086	水灵珠·4级	3	1
146086	水灵珠·4级	8	1
146086	法力宝石·1级	1	2
146086	法力宝石·1级	2	1
146086	法力宝石·2级	1	3
146086	法力宝石·3级	1	3
146086	法力宝石·4级	1	8
146086	法力宝石·4级	2	4
146086	法力宝石·5级	1	2
146086	法力宝石·5级	3	1
146086	法力宝石·5级	4	1
146086	法术命中眼石·3级	2	1
146086	法术命中眼石·4级	1	2
146086	法术命中眼石·4级	2	2
146086	法术命中眼石·5级	1	2
146086	法术命中眼石·5级	2	2
146086	法术命中眼石·5级	3	2
146086	法术命中眼石·5级	6	1
146086	法术命中眼石·6级	1	1
146086	法术命中眼石·6级	2	2
146086	法术命中眼石·6级	4	1
146086	法术命中眼石·7级	1	1
146086	法术防御水晶·1级	1	2
146086	法术防御水晶·2级	1	2
146086	法术防御水晶·3级	1	2
146086	法术防御水晶·3级	2	1
146086	法术防御水晶·4级	1	7
146086	法术防御水晶·4级	2	4
146086	法术防御水晶·4级	3	3
146086	法术防御水晶·4级	7	1
146086	法术防御水晶·4级	8	1
146086	法术防御水晶·5级	1	3
146086	法术防御水晶·5级	3	2
146086	法术防御水晶·5级	4	2
146086	法术防御水晶·5级	5	1
146086	法术防御水晶·5级	6	3
146086	法术防御水晶·5级	7	2
146086	法术防御水晶·5级	8	1
146086	法术防御水晶·5级	9	3
146086	法术防御水晶·5级	10	15
146086	法术防御水晶·6级	1	3
146086	法术防御水晶·6级	3	2
146086	法术防御水晶·6级	4	2
146086	法术防御水晶·6级	5	2
146086	法术防御水晶·6级	6	1
146086	法术防御水晶·6级	7	1
146086	法术防御水晶·6级	10	2
146086	法术闪避石·1级	1	4
146086	法术闪避石·2级	1	4
146086	法术闪避石·2级	2	3
146086	法术闪避石·3级	1	2
146086	法术闪避石·3级	2	2
146086	法术闪避石·3级	3	3
146086	法术闪避石·4级	1	1
146086	法术闪避石·5级	3	1
146086	法术闪避石·6级	5	1
146086	法术攻击水晶·1级	1	1
146086	法术攻击水晶·1级	2	2
146086	法术攻击水晶·1级	3	1
146086	法术攻击水晶·2级	1	3
146086	法术攻击水晶·3级	1	2
146086	法术攻击水晶·3级	2	4
146086	法术攻击水晶·3级	3	2
146086	法术攻击水晶·3级	4	3
146086	法术攻击水晶·3级	6	1
146086	法术攻击水晶·4级	1	6
146086	法术攻击水晶·4级	2	3
146086	法术攻击水晶·4级	3	1
146086	法术攻击水晶·4级	4	1
146086	法术攻击水晶·4级	5	2
146086	法术攻击水晶·4级	6	1
146086	法术攻击水晶·4级	7	2
146086	法术攻击水晶·4级	8	1
146086	法术攻击水晶·5级	1	3
146086	法术攻击水晶·5级	2	3
146086	法术攻击水晶·5级	3	5
146086	法术攻击水晶·5级	5	4
146086	法术攻击水晶·5级	6	2
146086	法术攻击水晶·5级	8	1
146086	法术攻击水晶·5级	9	3
146086	法术攻击水晶·5级	10	8
146086	法术攻击水晶·6级	1	2
146086	法术攻击水晶·6级	2	1
146086	法术攻击水晶·6级	4	2
146086	法术攻击水晶·6级	5	3
146086	法术攻击水晶·6级	6	1
146086	法术攻击水晶·6级	7	2
146086	法术攻击水晶·6级	9	1
146086	法术攻击水晶·6级	10	4
146086	法术攻击水晶·7级	4	1
146086	法术攻击水晶·7级	10	1
146086	木灵珠·1级	1	1
146086	木灵珠·2级	1	2
146086	木灵珠·3级	1	2
146086	木灵珠·4级	1	4
146086	木灵珠·4级	2	1
146086	木灵珠·5级	1	3
146086	木灵珠·5级	3	1
146090	圣灵珠·2级	1	12
146090	圣灵珠·2级	2	11
146090	圣灵珠·2级	3	4
146090	圣灵珠·2级	4	1
146090	圣灵珠·2级	5	1
146090	圣灵珠·2级	7	1
146090	圣灵珠·2级	8	1
146090	圣灵珠·3级	1	10
146090	圣灵珠·3级	2	1
146090	圣灵珠·3级	4	2
146090	圣灵珠·3级	7	1
146090	圣灵珠·4级	3	3
146090	圣灵珠·4级	4	1
146090	圣灵珠·4级	5	1
146090	圣灵珠·4级	6	5
146090	圣灵珠·4级	8	2
146090	圣灵珠·4级	9	4
146090	圣灵珠·4级	10	2
146090	圣灵珠·5级	1	4
146090	圣灵珠·5级	2	1
146090	圣灵珠·5级	3	1
146090	圣灵珠·5级	4	3
146090	圣灵珠·5级	5	1
146090	圣灵珠·5级	7	1
146090	圣灵珠·5级	10	3
146090	圣灵珠·6级	9	1
146090	圣灵珠·7级	1	1
146090	火灵珠·2级	1	8
146090	火灵珠·2级	2	10
146090	火灵珠·2级	3	4
146090	火灵珠·2级	6	1
146090	火灵珠·3级	1	2
146090	火灵珠·3级	2	1
146090	火灵珠·3级	6	1
146090	火灵珠·4级	1	1
146090	火灵珠·4级	2	1
146090	火灵珠·4级	3	1
146090	火灵珠·4级	8	1
146090	火灵珠·5级	2	1
146090	火灵珠·5级	8	1
146090	火灵珠·5级	10	2
146090	紫玛瑙·2级	1	1
146090	紫玛瑙·2级	3	2
146090	紫玛瑙·3级	5	1
146090	紫玛瑙·4级	1	1
146090	紫玛瑙·4级	2	1
146090	紫玛瑙·5级	1	1
146090	物理命中眼石·1级	1	1
146090	物理命中眼石·2级	1	1
146090	物理命中眼石·3级	1	1
146090	物理命中眼石·5级	4	1
146090	物理防御水晶·1级	1	2
146090	物理防御水晶·2级	1	3
146090	物理防御水晶·3级	1	1
146090	物理防御水晶·3级	3	1
146090	物理防御水晶·4级	1	5
146090	物理防御水晶·4级	3	2
146090	物理防御水晶·5级	1	4
146090	物理防御水晶·5级	2	3
146090	物理防御水晶·5级	3	2
146090	物理防御水晶·5级	7	1
146090	物理防御水晶·5级	8	2
146090	物理防御水晶·5级	9	4
146090	物理防御水晶·5级	10	6
146090	物理防御水晶·6级	1	2
146090	物理防御水晶·6级	2	1
146090	物理防御水晶·6级	3	1
146090	物理防御水晶·6级	8	2
146090	物理防御水晶·6级	9	1
146090	物理防御水晶·7级	10	1
146090	物理闪避石·1级	1	1
146090	物理闪避石·1级	3	1
146090	物理闪避石·2级	1	1
146090	物理攻击水晶·1级	1	2
146090	物理攻击水晶·2级	1	1
146090	物理攻击水晶·2级	2	1
146090	物理攻击水晶·3级	1	30
146090	物理攻击水晶·4级	1	1
146090	物理攻击水晶·4级	3	2
146090	物理攻击水晶·5级	2	1
146090	物理攻击水晶·5级	4	1
146090	物理攻击水晶·5级	5	1
146090	物理攻击水晶·5级	7	1
146090	物理攻击水晶·5级	10	2
146090	物理攻击水晶·6级	1	1
146090	物理攻击水晶·6级	3	1
146090	物理攻击水晶·6级	6	1
146090	物理攻击水晶·6级	10	5
146090	物理攻击水晶·7级	3	1
146090	白玛瑙·2级	1	1
146090	白玛瑙·3级	6	1
146090	白玛瑙·4级	4	1
146090	白玛瑙·4级	8	1
146090	血宝石·1级	1	8
146090	血宝石·1级	2	2
146090	血宝石·1级	3	7
146090	血宝石·1级	4	4
146090	血宝石·1级	5	7
146090	血宝石·1级	6	3
146090	血宝石·1级	7	1
146090	血宝石·2级	1	10
146090	血宝石·2级	2	3
146090	血宝石·2级	3	5
146090	血宝石·2级	4	6
146090	血宝石·2级	5	4
146090	血宝石·2级	6	1
146090	血宝石·3级	1	17
146090	血宝石·3级	2	14
146090	血宝石·3级	3	20
146090	血宝石·3级	4	2
146090	血宝石·3级	5	3
146090	血宝石·3级	6	2
146090	血宝石·3级	7	1
146090	血宝石·3级	9	1
146090	血宝石·4级	1	43
146090	血宝石·4级	2	15
146090	血宝石·4级	3	2
146090	血宝石·4级	4	2
146090	血宝石·4级	5	4
146090	血宝石·4级	6	1
146090	血宝石·4级	7	2
146090	血宝石·4级	8	3
146090	血宝石·4级	9	1
146090	血宝石·4级	10	1
146090	血宝石·5级	1	23
146090	血宝石·5级	2	2
146090	血宝石·5级	3	1
146090	血宝石·5级	5	1
146090	血宝石·5级	6	2
146090	血宝石·5级	7	2
146090	血宝石·5级	8	1
146090	血宝石·5级	9	3
146090	血宝石·5级	10	9
146090	血宝石·6级	1	2
146090	血宝石·6级	2	1
146090	血宝石·6级	4	2
146090	血宝石·6级	5	1
146090	血宝石·6级	7	1
146090	血宝石·6级	8	1
146090	血宝石·6级	10	3
146090	血宝石·7级	2	1
146090	风灵珠·1级	1	1
146090	风灵珠·2级	2	1
146090	风灵珠·2级	3	1
146090	风灵珠·3级	1	1
146090	风灵珠·3级	2	1
146090	风灵珠·3级	3	1
146090	风灵珠·4级	2	1
146090	风灵珠·4级	3	2
146090	风灵珠·4级	7	1
146090	风灵珠·4级	9	1
146090	风灵珠·5级	1	1
146090	风灵珠·5级	2	2
146090	风灵珠·5级	7	1
146090	风灵珠·5级	8	1
146090	黑玛瑙·2级	1	2
146090	黑玛瑙·2级	2	1
146090	黑玛瑙·3级	3	1
146090	黑玛瑙·3级	5	1
146090	黑玛瑙·4级	1	1
146090	黑玛瑙·4级	2	1
146090	黑玛瑙·4级	3	1
146090	黑玛瑙·4级	5	1
146090	黑玛瑙·5级	3	1
146090	黑玛瑙·5级	9	1
146090	黑玛瑙·6级	9	1
146090	黑玛瑙·7级	1	1
146090	赤玛瑙·2级	1	1
146090	赤玛瑙·2级	3	1
146090	赤玛瑙·3级	2	1
146090	赤玛瑙·3级	3	1
146090	赤玛瑙·3级	8	1
146090	赤玛瑙·4级	1	1
146090	赤玛瑙·4级	2	2
146090	赤玛瑙·4级	3	1
146090	赤玛瑙·4级	9	1
146090	赤玛瑙·5级	1	2
146090	赤玛瑙·5级	2	1
146090	蓝玛瑙·1级	2	1
146090	蓝玛瑙·3级	1	1
146090	蓝玛瑙·4级	3	1
146090	雷灵珠·1级	1	1
146090	雷灵珠·2级	1	2
146090	雷灵珠·2级	6	1
146090	雷灵珠·3级	1	2
146090	雷灵珠·3级	2	1
146090	雷灵珠·4级	2	1
146090	雷灵珠·4级	3	1
146090	雷灵珠·4级	6	1
146090	雷灵珠·4级	7	2
146090	雷灵珠·4级	8	1
146090	雷灵珠·4级	9	1
146090	雷灵珠·5级	1	1
146090	雷灵珠·5级	2	1
146090	雷灵珠·5级	3	2
146090	雷灵珠·6级	1	1
146090	毒灵珠·1级	1	1
146090	毒灵珠·2级	3	1
146090	毒灵珠·2级	4	1
146090	毒灵珠·3级	1	3
146090	毒灵珠·3级	4	1
146090	毒灵珠·4级	1	2
146090	毒灵珠·4级	3	1
146090	毒灵珠·4级	6	1
146090	毒灵珠·4级	7	1
146090	毒灵珠·4级	8	1
146090	毒灵珠·4级	9	1
146090	毒灵珠·5级	1	1
146090	毒灵珠·5级	2	1
146090	毒灵珠·5级	3	1
146090	毒灵珠·5级	4	1
146090	毒灵珠·5级	7	1
146090	毒灵珠·6级	9	1
146090	毒灵珠·7级	1	1
146090	水灵珠·3级	1	3
146090	水灵珠·4级	1	1
146090	水灵珠·4级	2	1
146090	法力宝石·1级	1	1
146090	法力宝石·1级	3	1
146090	法力宝石·3级	1	1
146090	法力宝石·3级	2	1
146090	法力宝石·4级	1	1
146090	法术命中眼石·1级	1	2
146090	法术命中眼石·2级	2	1
146090	法术命中眼石·4级	2	1
146090	法术防御水晶·2级	2	1
146090	法术防御水晶·3级	1	2
146090	法术防御水晶·3级	2	1
146090	法术防御水晶·4级	1	3
146090	法术防御水晶·4级	2	1
146090	法术防御水晶·4级	3	1
146090	法术防御水晶·4级	4	1
146090	法术防御水晶·4级	6	2
146090	法术防御水晶·4级	8	1
146090	法术防御水晶·5级	1	1
146090	法术防御水晶·5级	2	1
146090	法术防御水晶·5级	4	1
146090	法术防御水晶·5级	5	1
146090	法术防御水晶·5级	6	1
146090	法术防御水晶·5级	7	1
146090	法术防御水晶·5级	8	2
146090	法术防御水晶·5级	9	1
146090	法术防御水晶·5级	10	8
146090	法术防御水晶·6级	2	2
146090	法术防御水晶·6级	4	1
146090	法术防御水晶·6级	7	1
146090	法术防御水晶·6级	10	2
146090	法术防御水晶·7级	3	1
146090	法术闪避石·2级	1	1
146090	法术闪避石·3级	1	1
146090	法术闪避石·5级	1	1
146090	法术攻击水晶·1级	1	2
146090	法术攻击水晶·2级	1	4
146090	法术攻击水晶·3级	1	6
146090	法术攻击水晶·3级	2	1
146090	法术攻击水晶·4级	1	1
146090	法术攻击水晶·4级	2	1
146090	法术攻击水晶·4级	3	1
146090	法术攻击水晶·4级	5	2
146090	法术攻击水晶·4级	7	1
146090	法术攻击水晶·4级	9	1
146090	法术攻击水晶·4级	10	1
146090	法术攻击水晶·5级	1	1
146090	法术攻击水晶·5级	2	3
146090	法术攻击水晶·5级	5	1
146090	法术攻击水晶·5级	7	2
146090	法术攻击水晶·5级	8	1
146090	法术攻击水晶·5级	9	2
146090	法术攻击水晶·5级	10	3
146090	法术攻击水晶·6级	1	3
146090	法术攻击水晶·6级	2	1
146090	法术攻击水晶·6级	8	2
146090	法术攻击水晶·6级	9	1
146090	法术攻击水晶·6级	10	2
146090	法术攻击水晶·7级	1	1
146090	法术攻击水晶·7级	10	1
146090	木灵珠·5级	1	1
146098	圣灵珠·1级	1	1
146098	圣灵珠·2级	1	2
146098	圣灵珠·2级	2	10
146098	圣灵珠·2级	4	4
146098	圣灵珠·2级	5	1
146098	圣灵珠·2级	6	2
146098	圣灵珠·2级	9	1
146098	圣灵珠·3级	1	4
146098	圣灵珠·3级	2	2
146098	圣灵珠·3级	3	4
146098	圣灵珠·3级	4	3
146098	圣灵珠·3级	5	1
146098	圣灵珠·3级	7	5
146098	圣灵珠·3级	8	1
146098	圣灵珠·4级	1	1
146098	圣灵珠·4级	2	3
146098	圣灵珠·4级	3	5
146098	圣灵珠·4级	5	2
146098	圣灵珠·4级	6	2
146098	圣灵珠·4级	7	5
146098	圣灵珠·4级	10	1
146098	圣灵珠·5级	3	2
146098	圣灵珠·5级	4	2
146098	圣灵珠·5级	5	1
146098	圣灵珠·5级	10	1
146098	火灵珠·1级	1	1
146098	火灵珠·2级	1	2
146098	火灵珠·2级	2	6
146098	火灵珠·2级	3	2
146098	火灵珠·2级	4	2
146098	火灵珠·2级	5	1
146098	火灵珠·3级	1	2
146098	火灵珠·3级	2	5
146098	火灵珠·4级	1	1
146098	火灵珠·4级	6	1
146098	火灵珠·4级	9	1
146098	火灵珠·5级	1	1
146098	紫玛瑙·2级	8	1
146098	紫玛瑙·3级	3	1
146098	紫玛瑙·4级	2	1
146098	紫玛瑙·4级	3	1
146098	紫玛瑙·4级	9	1
146098	紫玛瑙·5级	7	1
146098	绿玛瑙·4级	1	1
146098	物理命中眼石·5级	1	1
146098	物理防御水晶·1级	1	2
146098	物理防御水晶·2级	1	2
146098	物理防御水晶·3级	9	1
146098	物理防御水晶·4级	1	4
146098	物理防御水晶·4级	3	1
146098	物理防御水晶·4级	4	2
146098	物理防御水晶·4级	5	1
146098	物理防御水晶·4级	7	1
146098	物理防御水晶·4级	10	2
146098	物理防御水晶·5级	1	3
146098	物理防御水晶·5级	2	3
146098	物理防御水晶·5级	3	1
146098	物理防御水晶·5级	4	2
146098	物理防御水晶·5级	6	1
146098	物理防御水晶·5级	7	1
146098	物理防御水晶·5级	9	3
146098	物理防御水晶·5级	10	5
146098	物理防御水晶·6级	1	1
146098	物理防御水晶·6级	3	1
146098	物理防御水晶·6级	6	1
146098	物理防御水晶·6级	7	1
146098	物理闪避石·1级	2	1
146098	物理闪避石·4级	1	1
146098	物理闪避石·5级	1	2
146098	物理攻击水晶·1级	1	5
146098	物理攻击水晶·1级	4	1
146098	物理攻击水晶·2级	1	1
146098	物理攻击水晶·3级	1	25
146098	物理攻击水晶·3级	3	1
146098	物理攻击水晶·4级	1	4
146098	物理攻击水晶·4级	2	2
146098	物理攻击水晶·4级	3	1
146098	物理攻击水晶·4级	10	1
146098	物理攻击水晶·5级	1	1
146098	物理攻击水晶·5级	2	2
146098	物理攻击水晶·5级	4	2
146098	物理攻击水晶·5级	7	1
146098	物理攻击水晶·5级	8	1
146098	物理攻击水晶·5级	10	2
146098	物理攻击水晶·6级	2	1
146098	物理攻击水晶·6级	6	1
146098	物理攻击水晶·6级	10	2
146098	白玛瑙·2级	1	1
146098	白玛瑙·2级	2	1
146098	白玛瑙·3级	1	1
146098	白玛瑙·3级	3	1
146098	白玛瑙·4级	7	1
146098	白玛瑙·4级	9	1
146098	白玛瑙·5级	1	1
146098	血宝石·1级	1	9
146098	血宝石·1级	2	2
146098	血宝石·1级	3	5
146098	血宝石·1级	4	4
146098	血宝石·1级	5	3
146098	血宝石·1级	6	1
146098	血宝石·2级	1	16
146098	血宝石·2级	2	3
146098	血宝石·2级	4	4
146098	血宝石·2级	5	1
146098	血宝石·3级	1	10
146098	血宝石·3级	2	6
146098	血宝石·3级	3	15
146098	血宝石·3级	4	6
146098	血宝石·3级	5	4
146098	血宝石·3级	6	4
146098	血宝石·3级	7	2
146098	血宝石·4级	1	17
146098	血宝石·4级	2	12
146098	血宝石·4级	3	7
146098	血宝石·4级	4	2
146098	血宝石·4级	5	2
146098	血宝石·4级	6	2
146098	血宝石·4级	7	2
146098	血宝石·4级	8	3
146098	血宝石·4级	9	3
146098	血宝石·4级	10	1
146098	血宝石·5级	1	10
146098	血宝石·5级	2	3
146098	血宝石·5级	3	1
146098	血宝石·5级	5	2
146098	血宝石·5级	6	1
146098	血宝石·5级	7	3
146098	血宝石·5级	8	1
146098	血宝石·5级	9	3
146098	血宝石·5级	10	7
146098	血宝石·6级	1	3
146098	血宝石·6级	2	1
146098	血宝石·6级	3	1
146098	血宝石·6级	5	1
146098	血宝石·6级	10	3
146098	风灵珠·1级	1	2
146098	风灵珠·2级	1	1
146098	风灵珠·2级	2	1
146098	风灵珠·3级	1	3
146098	风灵珠·3级	2	1
146098	风灵珠·3级	3	1
146098	风灵珠·3级	10	1
146098	风灵珠·4级	1	1
146098	风灵珠·4级	4	2
146098	风灵珠·4级	5	1
146098	风灵珠·4级	9	1
146098	风灵珠·4级	10	2
146098	风灵珠·5级	5	1
146098	风灵珠·5级	6	1
146098	黑玛瑙·2级	2	1
146098	黑玛瑙·3级	1	1
146098	黑玛瑙·4级	1	1
146098	黑玛瑙·4级	8	1
146098	黑玛瑙·4级	9	1
146098	黑玛瑙·5级	1	1
146098	黑玛瑙·5级	2	1
146098	赤玛瑙·1级	1	1
146098	赤玛瑙·2级	1	1
146098	赤玛瑙·2级	2	3
146098	赤玛瑙·2级	3	1
146098	赤玛瑙·2级	4	1
146098	赤玛瑙·2级	8	1
146098	赤玛瑙·3级	1	1
146098	蓝玛瑙·3级	10	1
146098	雷灵珠·1级	1	1
146098	雷灵珠·2级	1	1
146098	雷灵珠·2级	3	2
146098	雷灵珠·3级	2	2
146098	雷灵珠·4级	2	1
146098	雷灵珠·4级	5	1
146098	雷灵珠·4级	6	1
146098	雷灵珠·4级	7	1
146098	雷灵珠·5级	3	2
146098	雷灵珠·5级	10	1
146098	雷灵珠·6级	1	1
146098	毒灵珠·1级	1	1
146098	毒灵珠·2级	1	3
146098	毒灵珠·2级	3	2
146098	毒灵珠·2级	4	1
146098	毒灵珠·2级	5	1
146098	毒灵珠·3级	1	2
146098	毒灵珠·3级	3	1
146098	毒灵珠·4级	1	1
146098	毒灵珠·4级	3	1
146098	毒灵珠·4级	7	1
146098	毒灵珠·4级	8	2
146098	毒灵珠·4级	9	1
146098	毒灵珠·4级	10	1
146098	毒灵珠·5级	1	1
146098	毒灵珠·5级	2	1
146098	毒灵珠·5级	10	1
146098	水灵珠·1级	1	1
146098	水灵珠·2级	2	1
146098	水灵珠·2级	3	1
146098	法力宝石·1级	1	1
146098	法力宝石·3级	3	1
146098	法力宝石·4级	1	1
146098	法力宝石·4级	2	1
146098	法力宝石·4级	3	1
146098	法力宝石·5级	1	2
146098	法术命中眼石·2级	1	1
146098	法术命中眼石·4级	1	4
146098	法术命中眼石·4级	8	1
146098	法术命中眼石·5级	1	2
146098	法术防御水晶·1级	2	1
146098	法术防御水晶·3级	1	2
146098	法术防御水晶·4级	1	4
146098	法术防御水晶·4级	4	1
146098	法术防御水晶·4级	7	2
146098	法术防御水晶·4级	9	2
146098	法术防御水晶·4级	10	1
146098	法术防御水晶·5级	1	1
146098	法术防御水晶·5级	6	1
146098	法术防御水晶·5级	7	1
146098	法术防御水晶·5级	10	9
146098	法术防御水晶·6级	3	1
146098	法术闪避石·1级	1	1
146098	法术闪避石·3级	1	1
146098	法术闪避石·4级	1	1
146098	法术闪避石·4级	2	1
146098	法术闪避石·5级	1	1
146098	法术闪避石·5级	2	1
146098	法术攻击水晶·1级	1	2
146098	法术攻击水晶·2级	1	1
146098	法术攻击水晶·3级	1	3
146098	法术攻击水晶·3级	2	1
146098	法术攻击水晶·3级	4	1
146098	法术攻击水晶·3级	8	1
146098	法术攻击水晶·3级	10	1
146098	法术攻击水晶·4级	1	2
146098	法术攻击水晶·4级	2	1
146098	法术攻击水晶·4级	3	3
146098	法术攻击水晶·4级	4	2
146098	法术攻击水晶·4级	5	2
146098	法术攻击水晶·4级	6	1
146098	法术攻击水晶·4级	7	1
146098	法术攻击水晶·4级	10	1
146098	法术攻击水晶·5级	1	3
146098	法术攻击水晶·5级	2	2
146098	法术攻击水晶·5级	4	1
146098	法术攻击水晶·5级	6	1
146098	法术攻击水晶·5级	7	2
146098	法术攻击水晶·5级	10	6
146098	法术攻击水晶·6级	10	4
146098	木灵珠·1级	1	1
146098	木灵珠·3级	2	1
146102	圣灵珠·2级	1	13
146102	圣灵珠·2级	2	7
146102	圣灵珠·2级	3	1
146102	圣灵珠·2级	4	1
146102	圣灵珠·2级	6	1
146102	圣灵珠·3级	1	8
146102	圣灵珠·3级	2	3
146102	圣灵珠·3级	3	6
146102	圣灵珠·3级	4	2
146102	圣灵珠·3级	5	1
146102	圣灵珠·3级	6	1
146102	圣灵珠·3级	7	1
146102	圣灵珠·3级	8	5
146102	圣灵珠·3级	9	1
146102	圣灵珠·3级	10	1
146102	圣灵珠·4级	1	5
146102	圣灵珠·4级	2	9
146102	圣灵珠·4级	3	2
146102	圣灵珠·4级	4	1
146102	圣灵珠·4级	5	1
146102	圣灵珠·4级	6	3
146102	圣灵珠·4级	7	1
146102	圣灵珠·4级	8	3
146102	圣灵珠·4级	9	3
146102	圣灵珠·4级	10	2
146102	圣灵珠·5级	1	1
146102	圣灵珠·5级	2	1
146102	圣灵珠·5级	3	2
146102	圣灵珠·5级	4	3
146102	圣灵珠·5级	8	2
146102	圣灵珠·5级	9	1
146102	圣灵珠·6级	1	2
146102	圣灵珠·6级	7	1
146102	火灵珠·1级	1	1
146102	火灵珠·2级	1	3
146102	火灵珠·2级	2	1
146102	火灵珠·3级	1	4
146102	火灵珠·3级	3	1
146102	火灵珠·3级	6	1
146102	火灵珠·3级	7	1
146102	火灵珠·4级	2	1
146102	火灵珠·4级	3	1
146102	火灵珠·4级	4	1
146102	火灵珠·4级	7	1
146102	火灵珠·4级	9	1
146102	火灵珠·5级	3	2
146102	火灵珠·5级	8	1
146102	火灵珠·6级	2	1
146102	火灵珠·6级	7	1
146102	紫玛瑙·3级	1	1
146102	紫玛瑙·3级	2	1
146102	紫玛瑙·3级	3	1
146102	紫玛瑙·4级	2	1
146102	紫玛瑙·4级	6	1
146102	紫玛瑙·5级	1	1
146102	绿玛瑙·1级	1	1
146102	物理命中眼石·1级	1	1
146102	物理命中眼石·2级	1	2
146102	物理命中眼石·3级	1	1
146102	物理命中眼石·4级	2	1
146102	物理命中眼石·4级	3	1
146102	物理防御水晶·1级	1	2
146102	物理防御水晶·1级	2	1
146102	物理防御水晶·2级	1	1
146102	物理防御水晶·2级	2	1
146102	物理防御水晶·3级	1	2
146102	物理防御水晶·3级	5	1
146102	物理防御水晶·4级	1	2
146102	物理防御水晶·4级	2	3
146102	物理防御水晶·4级	4	2
146102	物理防御水晶·4级	5	1
146102	物理防御水晶·4级	6	1
146102	物理防御水晶·4级	7	3
146102	物理防御水晶·4级	10	1
146102	物理防御水晶·5级	1	5
146102	物理防御水晶·5级	2	1
146102	物理防御水晶·5级	3	3
146102	物理防御水晶·5级	4	4
146102	物理防御水晶·5级	5	2
146102	物理防御水晶·5级	6	3
146102	物理防御水晶·5级	7	2
146102	物理防御水晶·5级	8	1
146102	物理防御水晶·5级	9	1
146102	物理防御水晶·5级	10	9
146102	物理防御水晶·6级	1	2
146102	物理防御水晶·6级	9	1
146102	物理防御水晶·6级	10	1
146102	物理闪避石·1级	1	1
146102	物理闪避石·3级	1	2
146102	物理闪避石·4级	1	3
146102	物理攻击水晶·1级	2	1
146102	物理攻击水晶·2级	1	2
146102	物理攻击水晶·2级	2	1
146102	物理攻击水晶·3级	1	16
146102	物理攻击水晶·3级	3	1
146102	物理攻击水晶·3级	4	1
146102	物理攻击水晶·4级	1	12
146102	物理攻击水晶·4级	2	1
146102	物理攻击水晶·4级	3	3
146102	物理攻击水晶·4级	5	1
146102	物理攻击水晶·4级	6	2
146102	物理攻击水晶·4级	7	1
146102	物理攻击水晶·5级	1	4
146102	物理攻击水晶·5级	2	3
146102	物理攻击水晶·5级	4	1
146102	物理攻击水晶·5级	8	1
146102	物理攻击水晶·5级	10	2
146102	物理攻击水晶·6级	8	2
146102	物理攻击水晶·6级	9	1
146102	物理攻击水晶·6级	10	1
146102	物理攻击水晶·7级	2	1
146102	物理攻击水晶·7级	10	1
146102	白玛瑙·2级	2	1
146102	白玛瑙·2级	8	1
146102	白玛瑙·3级	1	1
146102	白玛瑙·3级	2	2
146102	白玛瑙·3级	6	1
146102	白玛瑙·4级	1	2
146102	白玛瑙·4级	8	1
146102	白玛瑙·5级	1	1
146102	血宝石·1级	1	6
146102	血宝石·1级	2	4
146102	血宝石·1级	3	9
146102	血宝石·1级	4	3
146102	血宝石·1级	5	1
146102	血宝石·1级	6	1
146102	血宝石·1级	7	2
146102	血宝石·1级	8	1
146102	血宝石·2级	1	11
146102	血宝石·2级	2	6
146102	血宝石·2级	5	1
146102	血宝石·3级	1	10
146102	血宝石·3级	2	8
146102	血宝石·3级	3	8
146102	血宝石·3级	4	12
146102	血宝石·3级	5	9
146102	血宝石·3级	6	8
146102	血宝石·3级	7	4
146102	血宝石·3级	8	4
146102	血宝石·3级	9	2
146102	血宝石·3级	10	1
146102	血宝石·4级	1	28
146102	血宝石·4级	2	9
146102	血宝石·4级	3	7
146102	血宝石·4级	4	8
146102	血宝石·4级	5	10
146102	血宝石·4级	6	4
146102	血宝石·4级	7	2
146102	血宝石·4级	8	6
146102	血宝石·4级	9	7
146102	血宝石·4级	10	5
146102	血宝石·5级	1	17
146102	血宝石·5级	2	2
146102	血宝石·5级	3	1
146102	血宝石·5级	4	3
146102	血宝石·5级	5	1
146102	血宝石·5级	6	2
146102	血宝石·5级	8	3
146102	血宝石·5级	9	2
146102	血宝石·5级	10	22
146102	血宝石·6级	1	1
146102	血宝石·6级	2	1
146102	血宝石·6级	4	1
146102	血宝石·6级	5	1
146102	血宝石·6级	9	1
146102	血宝石·6级	10	2
146102	血宝石·7级	1	1
146102	风灵珠·1级	1	2
146102	风灵珠·2级	1	2
146102	风灵珠·2级	2	1
146102	风灵珠·3级	1	3
146102	风灵珠·3级	2	2
146102	风灵珠·3级	3	1
146102	风灵珠·3级	4	3
146102	风灵珠·3级	5	1
146102	风灵珠·3级	7	1
146102	风灵珠·3级	9	1
146102	风灵珠·4级	1	4
146102	风灵珠·4级	2	2
146102	风灵珠·4级	5	2
146102	风灵珠·4级	6	2
146102	风灵珠·4级	7	1
146102	风灵珠·4级	10	3
146102	风灵珠·5级	3	1
146102	黑玛瑙·1级	1	1
146102	黑玛瑙·2级	1	3
146102	黑玛瑙·3级	1	4
146102	黑玛瑙·3级	2	4
146102	黑玛瑙·3级	7	1
146102	黑玛瑙·4级	1	2
146102	黑玛瑙·4级	2	1
146102	黑玛瑙·4级	3	1
146102	黑玛瑙·5级	1	1
146102	黑玛瑙·5级	2	3
146102	黑玛瑙·5级	10	1
146102	赤玛瑙·1级	2	1
146102	赤玛瑙·2级	1	1
146102	赤玛瑙·2级	2	3
146102	赤玛瑙·2级	4	1
146102	赤玛瑙·3级	1	3
146102	赤玛瑙·3级	2	1
146102	赤玛瑙·4级	2	1
146102	赤玛瑙·4级	8	1
146102	赤玛瑙·5级	1	2
146102	赤玛瑙·5级	10	2
146102	雷灵珠·2级	1	1
146102	雷灵珠·3级	1	1
146102	雷灵珠·3级	2	2
146102	雷灵珠·3级	5	1
146102	雷灵珠·3级	7	1
146102	雷灵珠·4级	1	2
146102	雷灵珠·4级	3	1
146102	雷灵珠·4级	4	1
146102	雷灵珠·4级	7	1
146102	雷灵珠·4级	10	2
146102	雷灵珠·5级	9	1
146102	毒灵珠·1级	1	2
146102	毒灵珠·1级	2	1
146102	毒灵珠·2级	1	2
146102	毒灵珠·2级	2	3
146102	毒灵珠·2级	3	1
146102	毒灵珠·3级	1	7
146102	毒灵珠·3级	3	4
146102	毒灵珠·3级	4	5
146102	毒灵珠·3级	9	1
146102	毒灵珠·4级	1	2
146102	毒灵珠·4级	2	1
146102	毒灵珠·4级	4	2
146102	毒灵珠·4级	6	3
146102	毒灵珠·4级	7	3
146102	毒灵珠·4级	9	1
146102	毒灵珠·4级	10	2
146102	毒灵珠·5级	2	1
146102	毒灵珠·5级	3	1
146102	毒灵珠·5级	5	1
146102	毒灵珠·5级	9	1
146102	毒灵珠·6级	8	1
146102	水灵珠·1级	1	3
146102	水灵珠·2级	1	2
146102	水灵珠·3级	1	2
146102	水灵珠·3级	5	1
146102	水灵珠·4级	1	2
146102	水灵珠·4级	6	1
146102	法力宝石·1级	1	1
146102	法力宝石·1级	2	1
146102	法力宝石·2级	1	2
146102	法力宝石·3级	1	2
146102	法力宝石·3级	2	1
146102	法力宝石·4级	1	2
146102	法术命中眼石·1级	1	1
146102	法术命中眼石·1级	2	1
146102	法术命中眼石·3级	1	1
146102	法术命中眼石·5级	1	1
146102	法术命中眼石·5级	2	1
146102	法术防御水晶·1级	1	1
146102	法术防御水晶·1级	2	2
146102	法术防御水晶·2级	1	2
146102	法术防御水晶·3级	1	6
146102	法术防御水晶·4级	1	4
146102	法术防御水晶·4级	2	3
146102	法术防御水晶·4级	3	1
146102	法术防御水晶·4级	4	3
146102	法术防御水晶·4级	5	1
146102	法术防御水晶·4级	6	2
146102	法术防御水晶·4级	7	1
146102	法术防御水晶·4级	8	1
146102	法术防御水晶·4级	9	1
146102	法术防御水晶·5级	1	5
146102	法术防御水晶·5级	2	4
146102	法术防御水晶·5级	3	1
146102	法术防御水晶·5级	4	2
146102	法术防御水晶·5级	5	2
146102	法术防御水晶·5级	6	2
146102	法术防御水晶·5级	7	1
146102	法术防御水晶·5级	9	3
146102	法术防御水晶·5级	10	11
146102	法术防御水晶·6级	1	1
146102	法术防御水晶·6级	3	1
146102	法术防御水晶·6级	8	1
146102	法术防御水晶·6级	10	2
146102	法术闪避石·1级	1	1
146102	法术闪避石·3级	1	1
146102	法术闪避石·4级	1	2
146102	法术闪避石·5级	1	1
146102	法术攻击水晶·2级	1	1
146102	法术攻击水晶·2级	2	1
146102	法术攻击水晶·2级	3	1
146102	法术攻击水晶·3级	1	9
146102	法术攻击水晶·3级	2	3
146102	法术攻击水晶·3级	3	2
146102	法术攻击水晶·4级	1	8
146102	法术攻击水晶·4级	2	11
146102	法术攻击水晶·4级	3	6
146102	法术攻击水晶·4级	5	4
146102	法术攻击水晶·4级	6	1
146102	法术攻击水晶·4级	7	1
146102	法术攻击水晶·4级	9	1
146102	法术攻击水晶·5级	1	7
146102	法术攻击水晶·5级	2	1
146102	法术攻击水晶·5级	4	1
146102	法术攻击水晶·5级	5	5
146102	法术攻击水晶·5级	6	2
146102	法术攻击水晶·5级	7	4
146102	法术攻击水晶·5级	8	2
146102	法术攻击水晶·5级	9	3
146102	法术攻击水晶·5级	10	8
146102	法术攻击水晶·6级	1	3
146102	法术攻击水晶·6级	2	3
146102	法术攻击水晶·6级	3	3
146102	法术攻击水晶·6级	4	1
146102	法术攻击水晶·6级	8	1
146102	法术攻击水晶·6级	10	3
146102	法术攻击水晶·7级	8	1
146102	木灵珠·1级	1	1
146102	木灵珠·3级	1	2
146107	圣灵珠·2级	1	3
146107	圣灵珠·2级	2	6
146107	圣灵珠·2级	3	3
146107	圣灵珠·2级	9	1
146107	圣灵珠·3级	1	11
146107	圣灵珠·3级	2	3
146107	圣灵珠·3级	3	3
146107	圣灵珠·3级	5	2
146107	圣灵珠·3级	6	1
146107	圣灵珠·4级	1	2
146107	圣灵珠·4级	2	1
146107	圣灵珠·4级	4	1
146107	圣灵珠·4级	6	1
146107	圣灵珠·4级	7	1
146107	圣灵珠·4级	8	1
146107	圣灵珠·4级	9	3
146107	圣灵珠·4级	10	1
146107	圣灵珠·5级	1	3
146107	圣灵珠·5级	2	1
146107	圣灵珠·5级	3	2
146107	火灵珠·1级	1	5
146107	火灵珠·2级	1	4
146107	火灵珠·2级	2	2
146107	火灵珠·2级	4	1
146107	火灵珠·2级	8	1
146107	火灵珠·3级	1	3
146107	火灵珠·3级	4	1
146107	火灵珠·3级	5	1
146107	火灵珠·4级	1	2
146107	火灵珠·4级	2	1
146107	火灵珠·4级	10	1
146107	紫玛瑙·2级	1	1
146107	紫玛瑙·3级	1	2
146107	紫玛瑙·3级	3	1
146107	紫玛瑙·4级	1	2
146107	紫玛瑙·4级	3	1
146107	紫玛瑙·4级	9	1
146107	紫玛瑙·5级	1	1
146107	紫玛瑙·5级	4	1
146107	紫玛瑙·5级	9	1
146107	绿玛瑙·3级	1	1
146107	物理命中眼石·1级	1	1
146107	物理命中眼石·2级	1	1
146107	物理命中眼石·3级	1	1
146107	物理命中眼石·4级	1	1
146107	物理命中眼石·4级	3	1
146107	物理防御水晶·1级	1	5
146107	物理防御水晶·2级	1	1
146107	物理防御水晶·3级	1	3
146107	物理防御水晶·3级	2	1
146107	物理防御水晶·3级	3	1
146107	物理防御水晶·3级	7	1
146107	物理防御水晶·4级	1	4
146107	物理防御水晶·4级	2	3
146107	物理防御水晶·4级	3	4
146107	物理防御水晶·4级	4	3
146107	物理防御水晶·4级	5	3
146107	物理防御水晶·4级	6	3
146107	物理防御水晶·4级	7	2
146107	物理防御水晶·4级	8	2
146107	物理防御水晶·4级	9	1
146107	物理防御水晶·4级	10	1
146107	物理防御水晶·5级	1	4
146107	物理防御水晶·5级	2	1
146107	物理防御水晶·5级	3	4
146107	物理防御水晶·5级	4	2
146107	物理防御水晶·5级	5	1
146107	物理防御水晶·5级	7	2
146107	物理防御水晶·5级	8	1
146107	物理防御水晶·5级	10	2
146107	物理防御水晶·6级	1	1
146107	物理闪避石·1级	3	1
146107	物理闪避石·3级	1	2
146107	物理闪避石·4级	1	1
146107	物理闪避石·4级	4	1
146107	物理攻击水晶·1级	1	5
146107	物理攻击水晶·1级	2	1
146107	物理攻击水晶·1级	3	2
146107	物理攻击水晶·3级	1	32
146107	物理攻击水晶·3级	2	2
146107	物理攻击水晶·3级	4	1
146107	物理攻击水晶·4级	1	4
146107	物理攻击水晶·4级	2	1
146107	物理攻击水晶·4级	3	4
146107	物理攻击水晶·4级	4	1
146107	物理攻击水晶·4级	5	1
146107	物理攻击水晶·4级	6	1
146107	物理攻击水晶·4级	7	2
146107	物理攻击水晶·4级	9	2
146107	物理攻击水晶·4级	10	2
146107	物理攻击水晶·5级	1	3
146107	物理攻击水晶·5级	3	3
146107	物理攻击水晶·5级	4	2
146107	物理攻击水晶·5级	7	2
146107	物理攻击水晶·5级	8	1
146107	物理攻击水晶·5级	10	1
146107	物理攻击水晶·6级	1	1
146107	物理攻击水晶·6级	3	1
146107	物理攻击水晶·6级	10	2
146107	物理攻击水晶·7级	7	1
146107	白玛瑙·2级	1	1
146107	白玛瑙·2级	2	1
146107	白玛瑙·2级	3	1
146107	白玛瑙·3级	1	1
146107	白玛瑙·3级	2	3
146107	白玛瑙·4级	1	1
146107	血宝石·1级	1	3
146107	血宝石·1级	2	11
146107	血宝石·1级	3	14
146107	血宝石·1级	4	4
146107	血宝石·1级	5	2
146107	血宝石·1级	6	3
146107	血宝石·1级	7	11
146107	血宝石·1级	8	3
146107	血宝石·2级	1	21
146107	血宝石·2级	2	5
146107	血宝石·2级	3	2
146107	血宝石·2级	4	1
146107	血宝石·3级	1	16
146107	血宝石·3级	2	15
146107	血宝石·3级	3	7
146107	血宝石·3级	4	17
146107	血宝石·3级	5	12
146107	血宝石·3级	6	6
146107	血宝石·3级	7	1
146107	血宝石·3级	9	2
146107	血宝石·4级	1	23
146107	血宝石·4级	2	33
146107	血宝石·4级	3	5
146107	血宝石·4级	4	1
146107	血宝石·4级	5	8
146107	血宝石·4级	6	4
146107	血宝石·4级	7	3
146107	血宝石·4级	8	2
146107	血宝石·4级	9	6
146107	血宝石·4级	10	2
146107	血宝石·5级	1	12
146107	血宝石·5级	2	4
146107	血宝石·5级	3	4
146107	血宝石·5级	4	3
146107	血宝石·5级	5	1
146107	血宝石·5级	6	1
146107	血宝石·5级	7	6
146107	血宝石·5级	8	1
146107	血宝石·5级	10	9
146107	血宝石·6级	1	2
146107	血宝石·6级	2	3
146107	血宝石·6级	3	2
146107	风灵珠·1级	1	1
146107	风灵珠·1级	2	1
146107	风灵珠·1级	5	1
146107	风灵珠·2级	1	4
146107	风灵珠·2级	2	2
146107	风灵珠·3级	1	1
146107	风灵珠·3级	2	1
146107	风灵珠·3级	3	2
146107	风灵珠·3级	4	2
146107	风灵珠·3级	5	1
146107	风灵珠·3级	7	1
146107	风灵珠·3级	8	2
146107	风灵珠·4级	3	2
146107	风灵珠·4级	4	1
146107	风灵珠·4级	5	1
146107	风灵珠·4级	6	1
146107	黑玛瑙·2级	1	1
146107	黑玛瑙·2级	2	1
146107	黑玛瑙·2级	4	1
146107	黑玛瑙·3级	1	2
146107	黑玛瑙·3级	2	2
146107	黑玛瑙·3级	3	1
146107	黑玛瑙·3级	4	1
146107	黑玛瑙·4级	2	2
146107	黑玛瑙·4级	4	1
146107	黑玛瑙·5级	2	1
146107	赤玛瑙·1级	1	2
146107	赤玛瑙·2级	1	3
146107	赤玛瑙·3级	1	2
146107	赤玛瑙·3级	2	1
146107	赤玛瑙·3级	3	1
146107	赤玛瑙·3级	6	1
146107	赤玛瑙·4级	1	1
146107	赤玛瑙·4级	2	1
146107	赤玛瑙·4级	3	1
146107	赤玛瑙·4级	5	1
146107	蓝玛瑙·2级	1	1
146107	雷灵珠·2级	1	4
146107	雷灵珠·2级	5	1
146107	雷灵珠·3级	1	3
146107	雷灵珠·3级	3	1
146107	雷灵珠·4级	2	1
146107	雷灵珠·4级	3	2
146107	雷灵珠·4级	5	1
146107	雷灵珠·4级	8	1
146107	雷灵珠·4级	9	1
146107	雷灵珠·5级	1	1
146107	雷灵珠·5级	2	1
146107	雷灵珠·5级	4	1
146107	毒灵珠·1级	1	1
146107	毒灵珠·2级	2	3
146107	毒灵珠·3级	1	2
146107	毒灵珠·3级	2	2
146107	毒灵珠·3级	3	1
146107	毒灵珠·3级	6	1
146107	毒灵珠·3级	8	1
146107	毒灵珠·4级	1	1
146107	毒灵珠·4级	2	1
146107	毒灵珠·4级	5	1
146107	毒灵珠·4级	7	1
146107	毒灵珠·4级	10	1
146107	毒灵珠·5级	1	1
146107	水灵珠·2级	1	1
146107	水灵珠·2级	2	1
146107	水灵珠·2级	3	1
146107	水灵珠·3级	1	4
146107	水灵珠·3级	2	2
146107	水灵珠·4级	2	2
146107	法力宝石·1级	1	5
146107	法力宝石·1级	2	1
146107	法力宝石·1级	4	1
146107	法力宝石·2级	1	3
146107	法力宝石·2级	3	1
146107	法力宝石·3级	1	2
146107	法力宝石·3级	2	2
146107	法力宝石·4级	1	5
146107	法力宝石·4级	7	1
146107	法术命中眼石·1级	1	1
146107	法术命中眼石·2级	1	1
146107	法术命中眼石·3级	1	2
146107	法术命中眼石·3级	2	1
146107	法术命中眼石·4级	1	3
146107	法术命中眼石·4级	3	1
146107	法术防御水晶·1级	1	3
146107	法术防御水晶·2级	1	1
146107	法术防御水晶·3级	1	3
146107	法术防御水晶·3级	3	2
146107	法术防御水晶·3级	4	1
146107	法术防御水晶·3级	7	1
146107	法术防御水晶·4级	1	6
146107	法术防御水晶·4级	2	2
146107	法术防御水晶·4级	3	1
146107	法术防御水晶·4级	4	3
146107	法术防御水晶·4级	5	1
146107	法术防御水晶·4级	6	2
146107	法术防御水晶·4级	7	3
146107	法术防御水晶·4级	8	1
146107	法术防御水晶·4级	9	3
146107	法术防御水晶·4级	10	1
146107	法术防御水晶·5级	1	4
146107	法术防御水晶·5级	2	4
146107	法术防御水晶·5级	4	2
146107	法术防御水晶·5级	6	1
146107	法术防御水晶·5级	8	2
146107	法术防御水晶·5级	10	3
146107	法术闪避石·1级	2	1
146107	法术闪避石·3级	4	1
146107	法术闪避石·4级	1	1
146107	法术闪避石·4级	2	1
146107	法术闪避石·5级	1	1
146107	法术攻击水晶·1级	1	4
146107	法术攻击水晶·1级	2	3
146107	法术攻击水晶·1级	3	1
146107	法术攻击水晶·2级	1	3
146107	法术攻击水晶·2级	9	1
146107	法术攻击水晶·3级	1	4
146107	法术攻击水晶·3级	2	4
146107	法术攻击水晶·3级	3	2
146107	法术攻击水晶·3级	7	1
146107	法术攻击水晶·4级	1	6
146107	法术攻击水晶·4级	2	3
146107	法术攻击水晶·4级	3	3
146107	法术攻击水晶·4级	4	4
146107	法术攻击水晶·4级	6	1
146107	法术攻击水晶·4级	7	2
146107	法术攻击水晶·4级	9	2
146107	法术攻击水晶·4级	10	1
146107	法术攻击水晶·5级	1	6
146107	法术攻击水晶·5级	3	2
146107	法术攻击水晶·5级	4	1
146107	法术攻击水晶·5级	5	1
146107	法术攻击水晶·5级	6	1
146107	法术攻击水晶·5级	7	1
146107	法术攻击水晶·5级	8	1
146107	法术攻击水晶·5级	9	3
146107	法术攻击水晶·5级	10	6
146107	法术攻击水晶·6级	1	3
146107	木灵珠·3级	1	1
146107	木灵珠·3级	2	1
146107	木灵珠·3级	3	1
146107	木灵珠·3级	5	1
146107	木灵珠·3级	7	1
146107	木灵珠·4级	6	1
146111	圣灵珠·2级	1	8
146111	圣灵珠·2级	2	8
146111	圣灵珠·2级	3	7
146111	圣灵珠·2级	5	2
146111	圣灵珠·2级	6	1
146111	圣灵珠·2级	7	1
146111	圣灵珠·2级	8	1
146111	圣灵珠·3级	1	6
146111	圣灵珠·3级	2	3
146111	圣灵珠·3级	3	5
146111	圣灵珠·3级	4	3
146111	圣灵珠·3级	5	2
146111	圣灵珠·4级	1	7
146111	圣灵珠·4级	3	1
146111	圣灵珠·4级	4	1
146111	圣灵珠·4级	7	4
146111	圣灵珠·4级	8	1
146111	圣灵珠·4级	9	2
146111	圣灵珠·4级	10	2
146111	圣灵珠·5级	1	2
146111	圣灵珠·5级	2	2
146111	圣灵珠·5级	3	2
146111	圣灵珠·5级	5	1
146111	火灵珠·1级	1	3
146111	火灵珠·1级	2	1
146111	火灵珠·1级	3	1
146111	火灵珠·2级	1	7
146111	火灵珠·2级	2	3
146111	火灵珠·2级	4	1
146111	火灵珠·3级	1	3
146111	火灵珠·3级	2	1
146111	火灵珠·3级	3	1
146111	火灵珠·3级	4	2
146111	火灵珠·3级	6	1
146111	火灵珠·4级	1	1
146111	紫玛瑙·2级	1	2
146111	紫玛瑙·2级	2	1
146111	紫玛瑙·3级	1	2
146111	紫玛瑙·3级	2	1
146111	紫玛瑙·3级	3	1
146111	紫玛瑙·4级	2	1
146111	紫玛瑙·4级	3	1
146111	紫玛瑙·4级	4	1
146111	紫玛瑙·4级	5	1
146111	紫玛瑙·4级	8	1
146111	紫玛瑙·4级	10	1
146111	紫玛瑙·5级	1	1
146111	紫玛瑙·5级	3	1
146111	紫玛瑙·5级	4	1
146111	绿玛瑙·2级	1	1
146111	物理命中眼石·3级	1	3
146111	物理命中眼石·3级	2	3
146111	物理命中眼石·4级	1	2
146111	物理防御水晶·1级	1	4
146111	物理防御水晶·1级	2	1
146111	物理防御水晶·1级	3	1
146111	物理防御水晶·2级	1	3
146111	物理防御水晶·3级	1	5
146111	物理防御水晶·3级	2	4
146111	物理防御水晶·3级	3	4
146111	物理防御水晶·3级	4	2
146111	物理防御水晶·4级	1	4
146111	物理防御水晶·4级	2	3
146111	物理防御水晶·4级	3	3
146111	物理防御水晶·4级	4	1
146111	物理防御水晶·4级	5	4
146111	物理防御水晶·4级	6	1
146111	物理防御水晶·4级	7	1
146111	物理防御水晶·4级	10	2
146111	物理防御水晶·5级	1	3
146111	物理防御水晶·5级	2	1
146111	物理防御水晶·5级	5	2
146111	物理防御水晶·5级	7	1
146111	物理防御水晶·5级	8	1
146111	物理防御水晶·5级	9	1
146111	物理防御水晶·5级	10	2
146111	物理防御水晶·6级	1	1
146111	物理闪避石·1级	1	2
146111	物理闪避石·1级	3	1
146111	物理闪避石·2级	1	2
146111	物理闪避石·3级	1	2
146111	物理闪避石·3级	2	1
146111	物理闪避石·4级	1	1
146111	物理攻击水晶·1级	1	1
146111	物理攻击水晶·1级	2	3
146111	物理攻击水晶·2级	1	4
146111	物理攻击水晶·2级	2	2
146111	物理攻击水晶·3级	1	41
146111	物理攻击水晶·3级	2	5
146111	物理攻击水晶·3级	3	3
146111	物理攻击水晶·3级	4	1
146111	物理攻击水晶·3级	6	1
146111	物理攻击水晶·4级	1	8
146111	物理攻击水晶·4级	2	3
146111	物理攻击水晶·4级	3	5
146111	物理攻击水晶·4级	4	2
146111	物理攻击水晶·4级	5	3
146111	物理攻击水晶·4级	6	1
146111	物理攻击水晶·4级	7	1
146111	物理攻击水晶·4级	8	1
146111	物理攻击水晶·4级	9	2
146111	物理攻击水晶·4级	10	1
146111	物理攻击水晶·5级	1	5
146111	物理攻击水晶·5级	2	1
146111	物理攻击水晶·5级	3	1
146111	物理攻击水晶·5级	5	2
146111	物理攻击水晶·5级	6	1
146111	物理攻击水晶·5级	7	1
146111	物理攻击水晶·5级	8	1
146111	物理攻击水晶·5级	10	2
146111	物理攻击水晶·6级	2	1
146111	物理攻击水晶·6级	4	1
146111	物理攻击水晶·6级	5	1
146111	物理攻击水晶·6级	10	1
146111	白玛瑙·2级	2	3
146111	白玛瑙·2级	6	1
146111	白玛瑙·3级	2	4
146111	白玛瑙·4级	1	1
146111	白玛瑙·4级	2	1
146111	白玛瑙·4级	5	1
146111	白玛瑙·4级	8	1
146111	白玛瑙·5级	2	1
146111	血宝石·1级	1	12
146111	血宝石·1级	2	12
146111	血宝石·1级	3	20
146111	血宝石·1级	4	9
146111	血宝石·1级	5	8
146111	血宝石·1级	6	9
146111	血宝石·1级	7	25
146111	血宝石·1级	8	4
146111	血宝石·2级	1	47
146111	血宝石·2级	2	4
146111	血宝石·2级	3	1
146111	血宝石·2级	4	2
146111	血宝石·2级	5	2
146111	血宝石·2级	6	1
146111	血宝石·3级	1	56
146111	血宝石·3级	2	28
146111	血宝石·3级	3	27
146111	血宝石·3级	4	15
146111	血宝石·3级	5	17
146111	血宝石·3级	6	6
146111	血宝石·3级	7	4
146111	血宝石·3级	8	2
146111	血宝石·3级	9	3
146111	血宝石·4级	1	56
146111	血宝石·4级	2	21
146111	血宝石·4级	3	11
146111	血宝石·4级	4	5
146111	血宝石·4级	5	2
146111	血宝石·4级	6	7
146111	血宝石·4级	7	7
146111	血宝石·4级	8	4
146111	血宝石·4级	9	9
146111	血宝石·4级	10	8
146111	血宝石·5级	1	19
146111	血宝石·5级	2	3
146111	血宝石·5级	3	8
146111	血宝石·5级	4	2
146111	血宝石·5级	5	2
146111	血宝石·5级	7	1
146111	血宝石·5级	8	1
146111	血宝石·5级	9	3
146111	血宝石·5级	10	8
146111	血宝石·6级	1	2
146111	血宝石·6级	2	1
146111	血宝石·6级	10	1
146111	风灵珠·1级	1	3
146111	风灵珠·2级	1	2
146111	风灵珠·2级	2	2
146111	风灵珠·2级	3	2
146111	风灵珠·3级	1	2
146111	风灵珠·3级	2	2
146111	风灵珠·3级	3	2
146111	风灵珠·3级	4	1
146111	风灵珠·4级	2	1
146111	风灵珠·4级	3	1
146111	风灵珠·4级	4	1
146111	风灵珠·4级	10	1
146111	风灵珠·5级	1	1
146111	黑玛瑙·3级	2	2
146111	黑玛瑙·3级	4	1
146111	黑玛瑙·4级	2	1
146111	黑玛瑙·4级	6	1
146111	黑玛瑙·4级	9	1
146111	黑玛瑙·5级	1	1
146111	赤玛瑙·1级	2	1
146111	赤玛瑙·1级	3	1
146111	赤玛瑙·1级	4	1
146111	赤玛瑙·2级	1	4
146111	赤玛瑙·2级	2	5
146111	赤玛瑙·3级	1	3
146111	赤玛瑙·3级	2	2
146111	赤玛瑙·3级	3	1
146111	赤玛瑙·3级	4	1
146111	赤玛瑙·4级	1	1
146111	赤玛瑙·4级	7	1
146111	赤玛瑙·5级	1	1
146111	蓝玛瑙·2级	1	1
146111	雷灵珠·2级	1	1
146111	雷灵珠·2级	2	1
146111	雷灵珠·3级	1	2
146111	雷灵珠·3级	3	1
146111	雷灵珠·3级	4	1
146111	雷灵珠·3级	5	1
146111	雷灵珠·3级	8	1
146111	雷灵珠·4级	1	1
146111	雷灵珠·4级	2	2
146111	雷灵珠·4级	5	2
146111	雷灵珠·4级	7	1
146111	雷灵珠·4级	9	1
146111	雷灵珠·5级	1	1
146111	雷灵珠·5级	3	2
146111	毒灵珠·1级	1	1
146111	毒灵珠·2级	1	4
146111	毒灵珠·2级	2	1
146111	毒灵珠·2级	3	1
146111	毒灵珠·3级	1	3
146111	毒灵珠·3级	2	1
146111	毒灵珠·3级	3	3
146111	毒灵珠·3级	5	2
146111	毒灵珠·4级	3	1
146111	毒灵珠·4级	5	1
146111	毒灵珠·4级	8	1
146111	毒灵珠·5级	2	2
146111	水灵珠·1级	3	1
146111	水灵珠·2级	1	1
146111	水灵珠·2级	2	1
146111	水灵珠·2级	3	1
146111	水灵珠·2级	4	1
146111	水灵珠·3级	1	2
146111	水灵珠·3级	2	1
146111	法力宝石·1级	1	4
146111	法力宝石·2级	1	4
146111	法力宝石·2级	4	1
146111	法力宝石·3级	1	7
146111	法力宝石·4级	4	1
146111	法术命中眼石·1级	1	2
146111	法术命中眼石·1级	2	1
146111	法术命中眼石·2级	1	4
146111	法术命中眼石·2级	2	1
146111	法术命中眼石·3级	1	5
146111	法术命中眼石·3级	2	2
146111	法术命中眼石·4级	1	4
146111	法术命中眼石·4级	2	1
146111	法术命中眼石·4级	7	1
146111	法术命中眼石·5级	1	1
146111	法术防御水晶·1级	1	1
146111	法术防御水晶·1级	2	2
146111	法术防御水晶·2级	1	4
146111	法术防御水晶·2级	2	2
146111	法术防御水晶·3级	1	5
146111	法术防御水晶·3级	2	2
146111	法术防御水晶·3级	3	2
146111	法术防御水晶·3级	4	1
146111	法术防御水晶·3级	5	1
146111	法术防御水晶·3级	6	3
146111	法术防御水晶·4级	1	8
146111	法术防御水晶·4级	2	3
146111	法术防御水晶·4级	3	4
146111	法术防御水晶·4级	4	2
146111	法术防御水晶·4级	5	1
146111	法术防御水晶·4级	6	2
146111	法术防御水晶·4级	7	1
146111	法术防御水晶·4级	8	1
146111	法术防御水晶·4级	9	1
146111	法术防御水晶·4级	10	2
146111	法术防御水晶·5级	1	3
146111	法术防御水晶·5级	2	1
146111	法术防御水晶·5级	4	1
146111	法术防御水晶·5级	7	2
146111	法术防御水晶·5级	8	1
146111	法术防御水晶·5级	10	1
146111	法术防御水晶·6级	5	1
146111	法术闪避石·1级	1	5
146111	法术闪避石·2级	1	4
146111	法术闪避石·3级	1	2
146111	法术闪避石·4级	1	3
146111	法术攻击水晶·1级	1	8
146111	法术攻击水晶·1级	8	1
146111	法术攻击水晶·2级	1	7
146111	法术攻击水晶·2级	2	3
146111	法术攻击水晶·2级	3	1
146111	法术攻击水晶·3级	1	14
146111	法术攻击水晶·3级	2	3
146111	法术攻击水晶·3级	3	4
146111	法术攻击水晶·3级	4	3
146111	法术攻击水晶·3级	5	2
146111	法术攻击水晶·3级	6	2
146111	法术攻击水晶·3级	7	1
146111	法术攻击水晶·3级	10	1
146111	法术攻击水晶·4级	1	11
146111	法术攻击水晶·4级	2	3
146111	法术攻击水晶·4级	3	3
146111	法术攻击水晶·4级	4	2
146111	法术攻击水晶·4级	5	3
146111	法术攻击水晶·4级	6	4
146111	法术攻击水晶·4级	8	2
146111	法术攻击水晶·4级	9	2
146111	法术攻击水晶·4级	10	1
146111	法术攻击水晶·5级	1	9
146111	法术攻击水晶·5级	2	1
146111	法术攻击水晶·5级	3	3
146111	法术攻击水晶·5级	4	2
146111	法术攻击水晶·5级	6	1
146111	法术攻击水晶·5级	9	2
146111	法术攻击水晶·5级	10	1
146111	法术攻击水晶·6级	6	1
146111	法术攻击水晶·6级	7	2
146111	法术攻击水晶·6级	10	1
146111	木灵珠·1级	1	1
146111	木灵珠·2级	1	1
146111	木灵珠·2级	2	1
153087	圣灵珠·1级	3	1
153087	圣灵珠·2级	1	6
153087	圣灵珠·2级	2	8
153087	圣灵珠·2级	3	4
153087	圣灵珠·2级	5	1
153087	圣灵珠·3级	1	6
153087	圣灵珠·3级	2	5
153087	圣灵珠·3级	3	3
153087	圣灵珠·3级	4	5
153087	圣灵珠·3级	5	3
153087	圣灵珠·3级	6	4
153087	圣灵珠·3级	7	1
153087	圣灵珠·3级	8	1
153087	圣灵珠·3级	10	2
153087	圣灵珠·4级	1	13
153087	圣灵珠·4级	2	4
153087	圣灵珠·4级	3	8
153087	圣灵珠·4级	4	5
153087	圣灵珠·4级	5	4
153087	圣灵珠·4级	6	4
153087	圣灵珠·4级	7	4
153087	圣灵珠·4级	8	6
153087	圣灵珠·4级	9	10
153087	圣灵珠·5级	1	12
153087	圣灵珠·5级	2	10
153087	圣灵珠·5级	3	6
153087	圣灵珠·5级	4	1
153087	圣灵珠·5级	5	1
153087	圣灵珠·5级	7	1
153087	圣灵珠·5级	8	1
153087	圣灵珠·5级	9	3
153087	圣灵珠·5级	10	2
153087	圣灵珠·6级	1	1
153087	圣灵珠·6级	2	1
153087	圣灵珠·6级	8	1
153087	圣灵珠·6级	9	1
153087	火灵珠·2级	1	3
153087	火灵珠·2级	2	4
153087	火灵珠·3级	1	2
153087	火灵珠·3级	2	1
153087	火灵珠·3级	3	1
153087	火灵珠·3级	4	1
153087	火灵珠·3级	6	1
153087	火灵珠·3级	7	2
153087	火灵珠·3级	8	1
153087	火灵珠·4级	1	4
153087	火灵珠·4级	2	1
153087	火灵珠·4级	3	4
153087	火灵珠·4级	4	1
153087	火灵珠·4级	5	2
153087	火灵珠·4级	6	1
153087	火灵珠·4级	7	2
153087	火灵珠·4级	9	1
153087	火灵珠·4级	10	1
153087	火灵珠·5级	1	1
153087	火灵珠·5级	2	2
153087	火灵珠·5级	3	1
153087	火灵珠·5级	4	1
153087	火灵珠·5级	5	1
153087	火灵珠·5级	7	1
153087	火灵珠·5级	10	1
153087	紫玛瑙·1级	2	1
153087	紫玛瑙·2级	1	1
153087	紫玛瑙·3级	1	1
153087	紫玛瑙·3级	2	1
153087	紫玛瑙·3级	3	1
153087	紫玛瑙·3级	5	1
153087	紫玛瑙·4级	7	1
153087	紫玛瑙·4级	8	1
153087	紫玛瑙·4级	10	1
153087	紫玛瑙·5级	2	1
153087	绿玛瑙·2级	1	1
153087	物理防御水晶·1级	1	1
153087	物理防御水晶·2级	1	1
153087	物理防御水晶·3级	1	5
153087	物理防御水晶·3级	2	2
153087	物理防御水晶·3级	3	2
153087	物理防御水晶·3级	4	2
153087	物理防御水晶·4级	1	16
153087	物理防御水晶·4级	2	5
153087	物理防御水晶·4级	3	6
153087	物理防御水晶·4级	5	1
153087	物理防御水晶·4级	6	1
153087	物理防御水晶·4级	7	2
153087	物理防御水晶·4级	8	2
153087	物理防御水晶·4级	9	1
153087	物理防御水晶·5级	1	2
153087	物理防御水晶·5级	2	6
153087	物理防御水晶·5级	3	1
153087	物理防御水晶·5级	4	2
153087	物理防御水晶·5级	5	2
153087	物理防御水晶·5级	6	2
153087	物理防御水晶·5级	7	3
153087	物理防御水晶·5级	8	2
153087	物理防御水晶·5级	9	4
153087	物理防御水晶·5级	10	19
153087	物理防御水晶·6级	1	2
153087	物理防御水晶·6级	3	1
153087	物理防御水晶·6级	4	1
153087	物理防御水晶·6级	8	1
153087	物理防御水晶·6级	10	3
153087	物理闪避石·3级	1	1
153087	物理闪避石·4级	1	1
153087	物理攻击水晶·3级	1	5
153087	物理攻击水晶·3级	3	1
153087	物理攻击水晶·3级	4	2
153087	物理攻击水晶·4级	1	1
153087	物理攻击水晶·4级	2	1
153087	物理攻击水晶·4级	3	2
153087	物理攻击水晶·4级	5	1
153087	物理攻击水晶·4级	6	1
153087	物理攻击水晶·4级	8	2
153087	物理攻击水晶·4级	9	1
153087	物理攻击水晶·4级	10	2
153087	物理攻击水晶·5级	1	2
153087	物理攻击水晶·5级	2	1
153087	物理攻击水晶·5级	5	1
153087	物理攻击水晶·5级	6	1
153087	物理攻击水晶·5级	7	1
153087	物理攻击水晶·5级	8	1
153087	物理攻击水晶·5级	9	2
153087	物理攻击水晶·5级	10	5
153087	物理攻击水晶·6级	1	2
153087	物理攻击水晶·6级	2	1
153087	物理攻击水晶·6级	4	1
153087	物理攻击水晶·6级	5	1
153087	物理攻击水晶·6级	7	1
153087	物理攻击水晶·6级	9	1
153087	物理攻击水晶·6级	10	7
153087	白玛瑙·2级	1	2
153087	白玛瑙·3级	1	2
153087	白玛瑙·3级	2	2
153087	白玛瑙·3级	3	2
153087	白玛瑙·4级	1	1
153087	白玛瑙·4级	2	1
153087	白玛瑙·4级	3	1
153087	白玛瑙·4级	4	2
153087	白玛瑙·4级	7	2
153087	白玛瑙·4级	8	1
153087	白玛瑙·5级	2	1
153087	白玛瑙·5级	7	1
153087	白玛瑙·5级	8	1
153087	白玛瑙·6级	1	1
153087	血宝石·1级	1	2
153087	血宝石·1级	3	2
153087	血宝石·1级	4	2
153087	血宝石·1级	6	3
153087	血宝石·2级	1	7
153087	血宝石·2级	3	1
153087	血宝石·2级	4	1
153087	血宝石·3级	1	6
153087	血宝石·3级	2	9
153087	血宝石·3级	3	6
153087	血宝石·3级	4	3
153087	血宝石·3级	5	2
153087	血宝石·3级	6	1
153087	血宝石·3级	7	1
153087	血宝石·3级	8	1
153087	血宝石·4级	1	8
153087	血宝石·4级	2	2
153087	血宝石·4级	3	2
153087	血宝石·4级	4	2
153087	血宝石·4级	5	2
153087	血宝石·4级	6	9
153087	血宝石·4级	7	4
153087	血宝石·4级	8	6
153087	血宝石·4级	9	5
153087	血宝石·4级	10	4
153087	血宝石·5级	1	7
153087	血宝石·5级	2	5
153087	血宝石·5级	3	2
153087	血宝石·5级	4	10
153087	血宝石·5级	7	3
153087	血宝石·5级	8	4
153087	血宝石·5级	9	8
153087	血宝石·5级	10	24
153087	血宝石·6级	1	7
153087	血宝石·6级	2	5
153087	血宝石·6级	3	3
153087	血宝石·6级	6	2
153087	血宝石·6级	8	1
153087	血宝石·6级	9	1
153087	血宝石·6级	10	10
153087	血宝石·7级	8	1
153087	风灵珠·1级	2	2
153087	风灵珠·2级	2	1
153087	风灵珠·2级	3	2
153087	风灵珠·3级	1	4
153087	风灵珠·3级	2	2
153087	风灵珠·3级	3	1
153087	风灵珠·3级	5	1
153087	风灵珠·3级	7	1
153087	风灵珠·3级	8	1
153087	风灵珠·4级	1	2
153087	风灵珠·4级	2	1
153087	风灵珠·4级	3	2
153087	风灵珠·4级	4	3
153087	风灵珠·4级	5	2
153087	风灵珠·4级	6	3
153087	风灵珠·4级	7	2
153087	风灵珠·4级	8	2
153087	风灵珠·4级	9	3
153087	风灵珠·5级	1	2
153087	风灵珠·5级	2	1
153087	风灵珠·5级	3	5
153087	风灵珠·5级	4	1
153087	风灵珠·5级	5	1
153087	风灵珠·5级	6	1
153087	风灵珠·5级	9	2
153087	风灵珠·5级	10	1
153087	风灵珠·6级	1	1
153087	风灵珠·6级	6	1
153087	风灵珠·6级	10	1
153087	黑玛瑙·2级	1	1
153087	黑玛瑙·3级	1	1
153087	黑玛瑙·3级	3	1
153087	黑玛瑙·3级	9	1
153087	黑玛瑙·4级	1	1
153087	黑玛瑙·4级	7	1
153087	赤玛瑙·2级	1	1
153087	赤玛瑙·2级	2	1
153087	赤玛瑙·2级	3	1
153087	赤玛瑙·3级	3	1
153087	赤玛瑙·4级	1	1
153087	赤玛瑙·4级	5	1
153087	赤玛瑙·4级	6	1
153087	赤玛瑙·4级	10	1
153087	赤玛瑙·5级	1	1
153087	赤玛瑙·5级	5	1
153087	蓝玛瑙·3级	1	1
153087	蓝玛瑙·3级	3	2
153087	蓝玛瑙·4级	6	1
153087	蓝玛瑙·5级	1	1
153087	雷灵珠·2级	8	1
153087	雷灵珠·3级	1	2
153087	雷灵珠·3级	2	1
153087	雷灵珠·3级	3	1
153087	雷灵珠·3级	4	1
153087	雷灵珠·4级	4	2
153087	雷灵珠·4级	5	1
153087	雷灵珠·4级	6	3
153087	雷灵珠·4级	7	2
153087	雷灵珠·4级	8	1
153087	雷灵珠·5级	1	3
153087	雷灵珠·5级	2	1
153087	雷灵珠·5级	4	1
153087	雷灵珠·5级	6	1
153087	雷灵珠·5级	8	1
153087	雷灵珠·5级	9	2
153087	雷灵珠·6级	1	1
153087	雷灵珠·6级	2	1
153087	毒灵珠·1级	2	1
153087	毒灵珠·2级	1	1
153087	毒灵珠·2级	8	1
153087	毒灵珠·3级	1	3
153087	毒灵珠·3级	2	4
153087	毒灵珠·3级	3	3
153087	毒灵珠·3级	4	2
153087	毒灵珠·3级	6	2
153087	毒灵珠·3级	8	2
153087	毒灵珠·4级	1	3
153087	毒灵珠·4级	2	6
153087	毒灵珠·4级	3	2
153087	毒灵珠·4级	4	2
153087	毒灵珠·4级	5	2
153087	毒灵珠·4级	7	1
153087	毒灵珠·4级	8	2
153087	毒灵珠·5级	1	3
153087	毒灵珠·5级	2	1
153087	毒灵珠·5级	3	2
153087	毒灵珠·5级	8	1
153087	毒灵珠·6级	2	1
153087	水灵珠·2级	1	1
153087	水灵珠·3级	1	1
153087	水灵珠·4级	1	1
153087	水灵珠·4级	3	2
153087	水灵珠·4级	4	1
153087	水灵珠·4级	10	1
153087	水灵珠·5级	1	1
153087	水灵珠·5级	3	1
153087	法力宝石·1级	1	1
153087	法力宝石·4级	1	1
153087	法力宝石·5级	1	1
153087	法术命中眼石·2级	1	1
153087	法术防御水晶·1级	1	1
153087	法术防御水晶·2级	1	1
153087	法术防御水晶·3级	1	4
153087	法术防御水晶·3级	2	1
153087	法术防御水晶·3级	3	1
153087	法术防御水晶·3级	4	2
153087	法术防御水晶·4级	1	7
153087	法术防御水晶·4级	2	6
153087	法术防御水晶·4级	3	2
153087	法术防御水晶·4级	4	2
153087	法术防御水晶·4级	7	2
153087	法术防御水晶·4级	9	1
153087	法术防御水晶·5级	1	4
153087	法术防御水晶·5级	2	4
153087	法术防御水晶·5级	3	3
153087	法术防御水晶·5级	4	3
153087	法术防御水晶·5级	5	5
153087	法术防御水晶·5级	6	2
153087	法术防御水晶·5级	7	1
153087	法术防御水晶·5级	8	3
153087	法术防御水晶·5级	9	2
153087	法术防御水晶·5级	10	22
153087	法术防御水晶·6级	1	1
153087	法术防御水晶·6级	2	2
153087	法术防御水晶·6级	4	2
153087	法术防御水晶·6级	10	2
153087	法术闪避石·2级	1	1
153087	法术攻击水晶·1级	1	2
153087	法术攻击水晶·1级	3	1
153087	法术攻击水晶·2级	1	2
153087	法术攻击水晶·2级	3	2
153087	法术攻击水晶·2级	4	1
153087	法术攻击水晶·3级	1	2
153087	法术攻击水晶·3级	2	3
153087	法术攻击水晶·3级	4	1
153087	法术攻击水晶·4级	1	2
153087	法术攻击水晶·4级	2	4
153087	法术攻击水晶·4级	4	3
153087	法术攻击水晶·4级	5	2
153087	法术攻击水晶·4级	6	2
153087	法术攻击水晶·4级	7	2
153087	法术攻击水晶·4级	8	6
153087	法术攻击水晶·4级	9	2
153087	法术攻击水晶·4级	10	2
153087	法术攻击水晶·5级	1	4
153087	法术攻击水晶·5级	2	3
153087	法术攻击水晶·5级	3	4
153087	法术攻击水晶·5级	4	4
153087	法术攻击水晶·5级	6	3
153087	法术攻击水晶·5级	7	2
153087	法术攻击水晶·5级	8	6
153087	法术攻击水晶·5级	9	3
153087	法术攻击水晶·5级	10	12
153087	法术攻击水晶·6级	1	2
153087	法术攻击水晶·6级	2	5
153087	法术攻击水晶·6级	3	1
153087	法术攻击水晶·6级	6	2
153087	法术攻击水晶·6级	7	2
153087	法术攻击水晶·6级	8	2
153087	法术攻击水晶·6级	10	8
153087	法术攻击水晶·7级	2	1
153087	法术攻击水晶·7级	10	1
153087	木灵珠·4级	3	1
153087	木灵珠·5级	3	1
153091	圣灵珠·1级	1	1
153091	圣灵珠·2级	1	3
153091	圣灵珠·2级	2	2
153091	圣灵珠·2级	3	1
153091	圣灵珠·2级	5	2
153091	圣灵珠·2级	9	1
153091	圣灵珠·3级	1	3
153091	圣灵珠·3级	2	2
153091	圣灵珠·3级	3	3
153091	圣灵珠·3级	4	1
153091	圣灵珠·3级	5	4
153091	圣灵珠·3级	6	2
153091	圣灵珠·4级	1	1
153091	圣灵珠·4级	3	3
153091	圣灵珠·4级	4	4
153091	圣灵珠·4级	5	2
153091	圣灵珠·4级	6	1
153091	圣灵珠·4级	8	1
153091	圣灵珠·4级	9	1
153091	圣灵珠·4级	10	4
153091	圣灵珠·5级	1	2
153091	圣灵珠·5级	5	2
153091	圣灵珠·5级	6	1
153091	圣灵珠·5级	9	1
153091	圣灵珠·5级	10	1
153091	圣灵珠·6级	5	1
153091	圣灵珠·6级	10	1
153091	火灵珠·1级	1	1
153091	火灵珠·1级	3	1
153091	火灵珠·2级	1	3
153091	火灵珠·2级	2	1
153091	火灵珠·2级	5	1
153091	火灵珠·3级	1	1
153091	火灵珠·3级	2	1
153091	火灵珠·4级	1	2
153091	火灵珠·5级	3	1
153091	紫玛瑙·1级	1	1
153091	紫玛瑙·2级	1	2
153091	紫玛瑙·2级	2	1
153091	紫玛瑙·3级	2	2
153091	紫玛瑙·3级	3	1
153091	紫玛瑙·3级	5	1
153091	紫玛瑙·3级	6	1
153091	紫玛瑙·4级	2	2
153091	紫玛瑙·4级	4	1
153091	紫玛瑙·4级	5	1
153091	紫玛瑙·4级	9	1
153091	紫玛瑙·5级	1	1
153091	紫玛瑙·5级	5	1
153091	物理命中眼石·2级	1	1
153091	物理命中眼石·5级	2	1
153091	物理防御水晶·1级	1	1
153091	物理防御水晶·2级	1	1
153091	物理防御水晶·3级	6	1
153091	物理防御水晶·3级	7	1
153091	物理防御水晶·4级	2	1
153091	物理防御水晶·4级	3	1
153091	物理防御水晶·4级	4	1
153091	物理防御水晶·4级	7	1
153091	物理防御水晶·4级	10	1
153091	物理防御水晶·5级	2	2
153091	物理防御水晶·5级	5	1
153091	物理防御水晶·5级	6	3
153091	物理防御水晶·5级	7	1
153091	物理防御水晶·5级	8	2
153091	物理防御水晶·5级	10	7
153091	物理防御水晶·6级	1	1
153091	物理防御水晶·6级	2	1
153091	物理防御水晶·6级	4	1
153091	物理防御水晶·6级	6	1
153091	物理防御水晶·6级	8	1
153091	物理防御水晶·6级	10	2
153091	物理防御水晶·7级	4	1
153091	物理闪避石·3级	3	1
153091	物理攻击水晶·2级	5	1
153091	物理攻击水晶·3级	1	4
153091	物理攻击水晶·3级	2	2
153091	物理攻击水晶·3级	6	1
153091	物理攻击水晶·4级	1	1
153091	物理攻击水晶·4级	2	2
153091	物理攻击水晶·4级	4	2
153091	物理攻击水晶·4级	5	1
153091	物理攻击水晶·4级	6	1
153091	物理攻击水晶·5级	2	1
153091	物理攻击水晶·5级	3	1
153091	物理攻击水晶·5级	4	2
153091	物理攻击水晶·5级	6	2
153091	物理攻击水晶·5级	8	2
153091	物理攻击水晶·5级	9	1
153091	物理攻击水晶·6级	1	2
153091	物理攻击水晶·6级	4	1
153091	物理攻击水晶·6级	6	1
153091	物理攻击水晶·6级	7	1
153091	物理攻击水晶·6级	10	2
153091	物理攻击水晶·7级	6	1
153091	白玛瑙·2级	1	1
153091	白玛瑙·3级	1	1
153091	白玛瑙·3级	2	1
153091	白玛瑙·4级	7	1
153091	白玛瑙·5级	1	2
153091	白玛瑙·5级	2	1
153091	白玛瑙·6级	9	1
153091	血宝石·1级	2	1
153091	血宝石·1级	3	2
153091	血宝石·1级	5	2
153091	血宝石·1级	6	1
153091	血宝石·1级	7	1
153091	血宝石·1级	8	1
153091	血宝石·2级	1	6
153091	血宝石·2级	2	1
153091	血宝石·3级	1	4
153091	血宝石·3级	2	5
153091	血宝石·3级	3	2
153091	血宝石·3级	4	2
153091	血宝石·3级	6	1
153091	血宝石·3级	7	3
153091	血宝石·4级	1	6
153091	血宝石·4级	2	4
153091	血宝石·4级	3	1
153091	血宝石·4级	4	1
153091	血宝石·4级	5	2
153091	血宝石·4级	6	2
153091	血宝石·4级	7	2
153091	血宝石·4级	8	1
153091	血宝石·4级	10	1
153091	血宝石·5级	1	3
153091	血宝石·5级	2	1
153091	血宝石·5级	3	1
153091	血宝石·5级	4	2
153091	血宝石·5级	5	1
153091	血宝石·5级	6	1
153091	血宝石·5级	8	1
153091	血宝石·5级	9	4
153091	血宝石·5级	10	9
153091	血宝石·6级	1	3
153091	血宝石·6级	2	1
153091	血宝石·6级	4	1
153091	血宝石·6级	5	1
153091	血宝石·6级	10	5
153091	血宝石·7级	10	1
153091	风灵珠·1级	1	1
153091	风灵珠·2级	1	1
153091	风灵珠·2级	2	1
153091	风灵珠·3级	1	2
153091	风灵珠·3级	6	1
153091	风灵珠·3级	7	1
153091	风灵珠·4级	1	1
153091	风灵珠·4级	2	1
153091	风灵珠·4级	4	1
153091	风灵珠·4级	7	1
153091	风灵珠·4级	10	1
153091	风灵珠·5级	1	1
153091	风灵珠·5级	3	1
153091	风灵珠·5级	5	1
153091	风灵珠·5级	10	1
153091	风灵珠·6级	9	1
153091	黑玛瑙·3级	2	1
153091	黑玛瑙·5级	9	1
153091	黑玛瑙·6级	1	1
153091	赤玛瑙·3级	1	1
153091	雷灵珠·3级	1	1
153091	雷灵珠·3级	2	1
153091	雷灵珠·3级	4	2
153091	雷灵珠·3级	5	1
153091	雷灵珠·3级	6	1
153091	雷灵珠·3级	7	1
153091	雷灵珠·4级	1	1
153091	雷灵珠·4级	3	2
153091	雷灵珠·4级	4	1
153091	雷灵珠·4级	7	1
153091	雷灵珠·4级	8	1
153091	雷灵珠·4级	9	1
153091	雷灵珠·5级	1	2
153091	雷灵珠·5级	2	3
153091	雷灵珠·5级	8	2
153091	雷灵珠·6级	2	2
153091	毒灵珠·2级	2	1
153091	毒灵珠·2级	3	1
153091	毒灵珠·3级	1	3
153091	毒灵珠·4级	2	3
153091	毒灵珠·4级	5	1
153091	毒灵珠·4级	8	1
153091	毒灵珠·5级	1	1
153091	毒灵珠·5级	2	2
153091	毒灵珠·5级	5	1
153091	毒灵珠·6级	5	1
153091	水灵珠·4级	1	1
153091	水灵珠·4级	2	1
153091	法力宝石·1级	2	1
153091	法力宝石·2级	1	2
153091	法力宝石·3级	2	1
153091	法力宝石·3级	3	1
153091	法力宝石·4级	1	1
153091	法力宝石·5级	3	1
153091	法术命中眼石·1级	1	1
153091	法术命中眼石·3级	1	1
153091	法术防御水晶·3级	1	1
153091	法术防御水晶·3级	4	1
153091	法术防御水晶·4级	1	1
153091	法术防御水晶·4级	3	2
153091	法术防御水晶·4级	7	1
153091	法术防御水晶·5级	1	3
153091	法术防御水晶·5级	2	3
153091	法术防御水晶·5级	4	1
153091	法术防御水晶·5级	5	1
153091	法术防御水晶·5级	6	1
153091	法术防御水晶·5级	7	1
153091	法术防御水晶·5级	8	1
153091	法术防御水晶·5级	9	1
153091	法术防御水晶·5级	10	5
153091	法术防御水晶·6级	5	1
153091	法术防御水晶·6级	6	1
153091	法术防御水晶·6级	8	1
153091	法术防御水晶·6级	10	2
153091	法术闪避石·1级	1	1
153091	法术攻击水晶·1级	1	1
153091	法术攻击水晶·1级	2	1
153091	法术攻击水晶·2级	2	1
153091	法术攻击水晶·3级	1	2
153091	法术攻击水晶·3级	2	2
153091	法术攻击水晶·3级	4	1
153091	法术攻击水晶·3级	5	2
153091	法术攻击水晶·4级	1	3
153091	法术攻击水晶·4级	2	3
153091	法术攻击水晶·4级	3	1
153091	法术攻击水晶·4级	4	1
153091	法术攻击水晶·4级	5	1
153091	法术攻击水晶·4级	8	1
153091	法术攻击水晶·4级	9	1
153091	法术攻击水晶·5级	1	1
153091	法术攻击水晶·5级	3	1
153091	法术攻击水晶·5级	4	1
153091	法术攻击水晶·5级	6	1
153091	法术攻击水晶·5级	8	3
153091	法术攻击水晶·5级	9	1
153091	法术攻击水晶·5级	10	2
153091	法术攻击水晶·6级	1	1
153091	法术攻击水晶·6级	2	2
153091	法术攻击水晶·6级	7	1
153091	法术攻击水晶·6级	10	3
153091	法术攻击水晶·7级	3	1
153091	法术攻击水晶·7级	10	1
153091	木灵珠·4级	3	1
153099	圣灵珠·1级	3	1
153099	圣灵珠·1级	5	1
153099	圣灵珠·2级	2	3
153099	圣灵珠·2级	3	5
153099	圣灵珠·2级	4	4
153099	圣灵珠·2级	6	1
153099	圣灵珠·3级	1	3
153099	圣灵珠·3级	2	2
153099	圣灵珠·3级	5	1
153099	圣灵珠·3级	6	1
153099	圣灵珠·3级	7	1
153099	圣灵珠·4级	1	1
153099	圣灵珠·4级	2	2
153099	圣灵珠·4级	4	1
153099	圣灵珠·4级	9	2
153099	圣灵珠·4级	10	2
153099	圣灵珠·5级	1	2
153099	圣灵珠·5级	10	1
153099	火灵珠·1级	2	1
153099	火灵珠·2级	1	1
153099	火灵珠·2级	2	3
153099	火灵珠·4级	1	1
153099	紫玛瑙·2级	1	1
153099	紫玛瑙·3级	3	2
153099	紫玛瑙·4级	5	1
153099	紫玛瑙·4级	6	1
153099	紫玛瑙·4级	7	1
153099	紫玛瑙·5级	5	1
153099	物理命中眼石·1级	1	2
153099	物理命中眼石·3级	1	1
153099	物理防御水晶·1级	1	1
153099	物理防御水晶·1级	2	3
153099	物理防御水晶·1级	3	1
153099	物理防御水晶·1级	5	1
153099	物理防御水晶·1级	7	1
153099	物理防御水晶·2级	1	1
153099	物理防御水晶·2级	2	1
153099	物理防御水晶·3级	1	8
153099	物理防御水晶·3级	2	4
153099	物理防御水晶·4级	1	4
153099	物理防御水晶·4级	2	4
153099	物理防御水晶·4级	3	5
153099	物理防御水晶·4级	4	1
153099	物理防御水晶·4级	5	1
153099	物理防御水晶·4级	10	1
153099	物理防御水晶·5级	1	1
153099	物理防御水晶·5级	4	2
153099	物理防御水晶·5级	8	1
153099	物理防御水晶·5级	10	2
153099	物理防御水晶·6级	6	1
153099	物理闪避石·1级	1	1
153099	物理闪避石·2级	1	1
153099	物理攻击水晶·1级	1	2
153099	物理攻击水晶·1级	2	1
153099	物理攻击水晶·1级	4	1
153099	物理攻击水晶·2级	1	1
153099	物理攻击水晶·3级	1	2
153099	物理攻击水晶·3级	6	1
153099	物理攻击水晶·4级	3	1
153099	物理攻击水晶·4级	4	2
153099	物理攻击水晶·5级	6	1
153099	物理攻击水晶·5级	7	1
153099	物理攻击水晶·5级	9	1
153099	物理攻击水晶·6级	1	1
153099	物理攻击水晶·6级	10	3
153099	白玛瑙·3级	5	1
153099	白玛瑙·4级	2	1
153099	白玛瑙·4级	4	1
153099	血宝石·1级	1	6
153099	血宝石·1级	2	2
153099	血宝石·1级	4	2
153099	血宝石·1级	6	1
153099	血宝石·1级	7	1
153099	血宝石·2级	1	7
153099	血宝石·2级	4	1
153099	血宝石·2级	10	1
153099	血宝石·3级	1	3
153099	血宝石·3级	2	4
153099	血宝石·3级	3	4
153099	血宝石·3级	4	4
153099	血宝石·3级	5	2
153099	血宝石·3级	7	1
153099	血宝石·3级	9	1
153099	血宝石·3级	10	3
153099	血宝石·4级	1	5
153099	血宝石·4级	3	4
153099	血宝石·4级	4	1
153099	血宝石·4级	5	4
153099	血宝石·4级	6	3
153099	血宝石·4级	7	1
153099	血宝石·4级	9	2
153099	血宝石·4级	10	2
153099	血宝石·5级	1	4
153099	血宝石·5级	3	1
153099	血宝石·5级	5	1
153099	血宝石·5级	6	1
153099	血宝石·5级	7	1
153099	血宝石·5级	9	3
153099	血宝石·5级	10	2
153099	血宝石·6级	1	1
153099	血宝石·6级	4	1
153099	血宝石·6级	10	3
153099	风灵珠·1级	1	2
153099	风灵珠·2级	3	1
153099	风灵珠·3级	1	1
153099	风灵珠·3级	3	1
153099	风灵珠·4级	1	1
153099	风灵珠·4级	8	1
153099	风灵珠·4级	9	1
153099	风灵珠·5级	1	1
153099	赤玛瑙·1级	2	1
153099	蓝玛瑙·4级	2	1
153099	雷灵珠·1级	1	1
153099	雷灵珠·2级	1	1
153099	雷灵珠·2级	4	1
153099	雷灵珠·3级	1	1
153099	雷灵珠·3级	7	1
153099	雷灵珠·3级	8	1
153099	雷灵珠·4级	2	1
153099	雷灵珠·4级	3	1
153099	雷灵珠·4级	4	1
153099	雷灵珠·4级	8	1
153099	雷灵珠·5级	1	1
153099	雷灵珠·5级	6	1
153099	雷灵珠·5级	10	1
153099	毒灵珠·1级	1	1
153099	毒灵珠·3级	1	2
153099	毒灵珠·4级	2	1
153099	毒灵珠·4级	3	1
153099	毒灵珠·4级	9	2
153099	水灵珠·1级	1	1
153099	水灵珠·2级	5	1
153099	水灵珠·3级	5	1
153099	水灵珠·4级	1	1
153099	法力宝石·1级	1	1
153099	法术命中眼石·1级	2	1
153099	法术防御水晶·3级	4	1
153099	法术防御水晶·3级	5	1
153099	法术防御水晶·4级	6	1
153099	法术防御水晶·5级	6	1
153099	法术防御水晶·5级	10	3
153099	法术防御水晶·6级	4	1
153099	法术攻击水晶·1级	1	2
153099	法术攻击水晶·1级	2	2
153099	法术攻击水晶·1级	3	1
153099	法术攻击水晶·2级	1	1
153099	法术攻击水晶·3级	1	2
153099	法术攻击水晶·3级	2	1
153099	法术攻击水晶·3级	10	1
153099	法术攻击水晶·4级	1	1
153099	法术攻击水晶·4级	2	2
153099	法术攻击水晶·4级	3	1
153099	法术攻击水晶·5级	1	1
153099	法术攻击水晶·5级	2	1
153099	法术攻击水晶·5级	3	1
153099	法术攻击水晶·5级	7	1
153099	法术攻击水晶·5级	8	1
153099	法术攻击水晶·5级	9	1
153099	法术攻击水晶·6级	1	1
153099	法术攻击水晶·6级	2	1
153099	法术攻击水晶·6级	3	1
153099	法术攻击水晶·6级	8	1
153099	木灵珠·3级	3	1
153099	木灵珠·4级	1	1
153103	圣灵珠·2级	2	5
153103	圣灵珠·2级	3	1
153103	圣灵珠·3级	2	2
153103	圣灵珠·3级	4	1
153103	圣灵珠·3级	5	1
153103	圣灵珠·3级	6	1
153103	圣灵珠·3级	8	1
153103	圣灵珠·4级	1	1
153103	圣灵珠·4级	2	3
153103	圣灵珠·4级	4	1
153103	圣灵珠·4级	5	1
153103	圣灵珠·4级	6	1
153103	圣灵珠·4级	7	2
153103	圣灵珠·4级	9	2
153103	圣灵珠·5级	1	2
153103	圣灵珠·5级	3	2
153103	圣灵珠·5级	4	1
153103	圣灵珠·6级	6	1
153103	火灵珠·3级	6	1
153103	火灵珠·3级	9	1
153103	火灵珠·4级	3	1
153103	火灵珠·4级	4	1
153103	火灵珠·5级	7	1
153103	紫玛瑙·3级	1	1
153103	紫玛瑙·3级	5	1
153103	紫玛瑙·4级	1	2
153103	紫玛瑙·4级	3	1
153103	物理命中眼石·1级	3	1
153103	物理命中眼石·5级	2	2
153103	物理防御水晶·2级	4	1
153103	物理防御水晶·2级	5	1
153103	物理防御水晶·3级	1	1
153103	物理防御水晶·3级	2	1
153103	物理防御水晶·4级	1	1
153103	物理防御水晶·4级	2	4
153103	物理防御水晶·4级	3	1
153103	物理防御水晶·4级	4	3
153103	物理防御水晶·4级	5	1
153103	物理防御水晶·4级	6	1
153103	物理防御水晶·4级	7	1
153103	物理防御水晶·4级	8	2
153103	物理防御水晶·5级	1	2
153103	物理防御水晶·5级	2	2
153103	物理防御水晶·5级	3	1
153103	物理防御水晶·5级	4	2
153103	物理防御水晶·5级	7	1
153103	物理防御水晶·5级	8	1
153103	物理防御水晶·5级	10	5
153103	物理防御水晶·6级	10	1
153103	物理攻击水晶·1级	1	1
153103	物理攻击水晶·3级	4	1
153103	物理攻击水晶·4级	3	1
153103	物理攻击水晶·4级	4	1
153103	物理攻击水晶·4级	6	2
153103	物理攻击水晶·5级	4	2
153103	物理攻击水晶·5级	5	1
153103	物理攻击水晶·5级	6	1
153103	物理攻击水晶·5级	7	1
153103	物理攻击水晶·5级	9	1
153103	物理攻击水晶·6级	1	1
153103	物理攻击水晶·6级	4	1
153103	物理攻击水晶·6级	5	1
153103	物理攻击水晶·6级	10	1
153103	白玛瑙·1级	1	1
153103	白玛瑙·2级	1	1
153103	白玛瑙·3级	2	1
153103	白玛瑙·4级	1	1
153103	白玛瑙·4级	2	1
153103	白玛瑙·5级	6	1
153103	白玛瑙·5级	8	1
153103	白玛瑙·6级	4	1
153103	血宝石·1级	1	1
153103	血宝石·1级	3	1
153103	血宝石·1级	4	1
153103	血宝石·1级	7	1
153103	血宝石·2级	1	4
153103	血宝石·2级	2	2
153103	血宝石·3级	1	1
153103	血宝石·3级	3	3
153103	血宝石·3级	4	1
153103	血宝石·3级	5	2
153103	血宝石·3级	7	2
153103	血宝石·3级	8	2
153103	血宝石·4级	1	8
153103	血宝石·4级	2	7
153103	血宝石·4级	3	3
153103	血宝石·4级	4	1
153103	血宝石·4级	5	2
153103	血宝石·4级	10	1
153103	血宝石·5级	3	1
153103	血宝石·5级	5	2
153103	血宝石·5级	7	4
153103	血宝石·5级	8	2
153103	血宝石·5级	9	2
153103	血宝石·5级	10	7
153103	血宝石·6级	1	2
153103	血宝石·6级	3	1
153103	血宝石·6级	9	1
153103	血宝石·7级	1	1
153103	风灵珠·1级	1	1
153103	风灵珠·3级	3	1
153103	风灵珠·3级	5	1
153103	风灵珠·3级	7	1
153103	风灵珠·4级	1	1
153103	风灵珠·4级	2	1
153103	风灵珠·4级	9	1
153103	风灵珠·4级	10	2
153103	风灵珠·5级	1	1
153103	风灵珠·5级	5	1
153103	风灵珠·6级	5	1
153103	黑玛瑙·2级	1	1
153103	黑玛瑙·3级	1	1
153103	黑玛瑙·3级	3	1
153103	黑玛瑙·4级	8	1
153103	黑玛瑙·5级	1	1
153103	赤玛瑙·2级	3	1
153103	赤玛瑙·3级	1	2
153103	赤玛瑙·3级	4	1
153103	赤玛瑙·4级	6	1
153103	蓝玛瑙·1级	1	1
153103	蓝玛瑙·2级	2	1
153103	蓝玛瑙·3级	2	1
153103	蓝玛瑙·4级	2	1
153103	雷灵珠·3级	4	1
153103	雷灵珠·4级	6	1
153103	雷灵珠·4级	9	1
153103	雷灵珠·4级	10	1
153103	雷灵珠·5级	1	1
153103	毒灵珠·1级	1	2
153103	毒灵珠·2级	2	1
153103	毒灵珠·2级	4	1
153103	毒灵珠·3级	3	2
153103	毒灵珠·3级	5	1
153103	毒灵珠·3级	6	3
153103	毒灵珠·4级	1	1
153103	毒灵珠·4级	4	1
153103	毒灵珠·4级	7	1
153103	毒灵珠·5级	1	1
153103	毒灵珠·5级	2	1
153103	水灵珠·3级	2	1
153103	法力宝石·2级	1	1
153103	法力宝石·2级	3	1
153103	法力宝石·3级	1	1
153103	法术命中眼石·1级	1	2
153103	法术命中眼石·3级	4	1
153103	法术命中眼石·4级	1	1
153103	法术防御水晶·1级	1	2
153103	法术防御水晶·4级	1	2
153103	法术防御水晶·4级	2	1
153103	法术防御水晶·4级	3	1
153103	法术防御水晶·4级	7	1
153103	法术防御水晶·4级	9	1
153103	法术防御水晶·4级	10	2
153103	法术防御水晶·5级	1	2
153103	法术防御水晶·5级	3	1
153103	法术防御水晶·5级	7	2
153103	法术防御水晶·5级	10	5
153103	法术防御水晶·6级	9	1
153103	法术闪避石·1级	1	1
153103	法术攻击水晶·2级	1	1
153103	法术攻击水晶·2级	2	1
153103	法术攻击水晶·2级	4	1
153103	法术攻击水晶·3级	1	1
153103	法术攻击水晶·3级	3	1
153103	法术攻击水晶·3级	4	1
153103	法术攻击水晶·3级	5	1
153103	法术攻击水晶·3级	8	1
153103	法术攻击水晶·4级	2	6
153103	法术攻击水晶·4级	4	1
153103	法术攻击水晶·4级	5	2
153103	法术攻击水晶·4级	6	1
153103	法术攻击水晶·4级	7	2
153103	法术攻击水晶·5级	1	1
153103	法术攻击水晶·5级	2	2
153103	法术攻击水晶·5级	3	1
153103	法术攻击水晶·5级	4	1
153103	法术攻击水晶·5级	5	3
153103	法术攻击水晶·5级	6	1
153103	法术攻击水晶·5级	8	2
153103	法术攻击水晶·5级	9	1
153103	法术攻击水晶·5级	10	2
153103	法术攻击水晶·6级	5	1
153103	法术攻击水晶·6级	9	1
153103	法术攻击水晶·6级	10	1
153103	法术攻击水晶·7级	10	1
153108	圣灵珠·2级	1	3
153108	圣灵珠·2级	2	4
153108	圣灵珠·2级	3	2
153108	圣灵珠·3级	1	1
153108	圣灵珠·3级	2	1
153108	圣灵珠·3级	3	1
153108	圣灵珠·4级	1	1
153108	圣灵珠·4级	2	1
153108	圣灵珠·4级	6	1
153108	圣灵珠·4级	9	2
153108	圣灵珠·5级	1	2
153108	火灵珠·2级	1	2
153108	火灵珠·3级	1	3
153108	火灵珠·3级	2	1
153108	火灵珠·4级	1	1
153108	紫玛瑙·2级	1	2
153108	紫玛瑙·2级	3	1
153108	紫玛瑙·3级	2	1
153108	紫玛瑙·4级	2	1
153108	紫玛瑙·4级	3	1
153108	紫玛瑙·5级	1	1
153108	物理命中眼石·3级	1	1
153108	物理命中眼石·4级	2	1
153108	物理命中眼石·4级	3	1
153108	物理命中眼石·5级	1	3
153108	物理命中眼石·6级	6	1
153108	物理命中眼石·7级	1	1
153108	物理防御水晶·1级	1	1
153108	物理防御水晶·1级	2	1
153108	物理防御水晶·2级	1	1
153108	物理防御水晶·3级	1	2
153108	物理防御水晶·3级	2	1
153108	物理防御水晶·3级	3	1
153108	物理防御水晶·4级	1	1
153108	物理防御水晶·4级	2	1
153108	物理防御水晶·4级	9	1
153108	物理防御水晶·4级	10	2
153108	物理防御水晶·5级	6	1
153108	物理防御水晶·5级	10	2
153108	物理防御水晶·6级	4	1
153108	物理防御水晶·6级	10	1
153108	物理闪避石·2级	1	1
153108	物理闪避石·3级	1	2
153108	物理闪避石·5级	1	1
153108	物理闪避石·6级	9	1
153108	物理攻击水晶·1级	1	1
153108	物理攻击水晶·3级	1	2
153108	物理攻击水晶·3级	3	1
153108	物理攻击水晶·4级	1	1
153108	物理攻击水晶·4级	4	1
153108	物理攻击水晶·4级	5	1
153108	物理攻击水晶·4级	10	1
153108	物理攻击水晶·5级	2	1
153108	物理攻击水晶·5级	5	1
153108	物理攻击水晶·5级	6	1
153108	物理攻击水晶·5级	9	1
153108	物理攻击水晶·6级	1	1
153108	物理攻击水晶·6级	6	1
153108	物理攻击水晶·7级	4	1
153108	血宝石·1级	3	2
153108	血宝石·1级	5	1
153108	血宝石·1级	6	1
153108	血宝石·1级	7	1
153108	血宝石·1级	8	1
153108	血宝石·2级	1	3
153108	血宝石·2级	3	1
153108	血宝石·3级	1	3
153108	血宝石·3级	2	1
153108	血宝石·3级	3	6
153108	血宝石·3级	4	2
153108	血宝石·3级	7	1
153108	血宝石·4级	1	6
153108	血宝石·4级	2	1
153108	血宝石·4级	3	2
153108	血宝石·4级	4	1
153108	血宝石·4级	5	3
153108	血宝石·4级	6	2
153108	血宝石·4级	7	1
153108	血宝石·4级	8	1
153108	血宝石·5级	2	4
153108	血宝石·5级	5	3
153108	血宝石·5级	6	1
153108	血宝石·5级	8	2
153108	血宝石·5级	10	2
153108	血宝石·6级	2	2
153108	血宝石·6级	9	1
153108	血宝石·6级	10	1
153108	血宝石·7级	1	1
153108	风灵珠·2级	1	2
153108	风灵珠·2级	5	1
153108	风灵珠·3级	3	1
153108	黑玛瑙·3级	2	1
153108	黑玛瑙·4级	7	1
153108	黑玛瑙·5级	2	1
153108	赤玛瑙·2级	1	3
153108	赤玛瑙·3级	1	1
153108	赤玛瑙·3级	2	1
153108	雷灵珠·2级	2	1
153108	雷灵珠·3级	1	3
153108	雷灵珠·3级	4	1
153108	雷灵珠·3级	9	1
153108	雷灵珠·4级	1	1
153108	雷灵珠·4级	9	1
153108	毒灵珠·2级	1	1
153108	毒灵珠·3级	1	1
153108	毒灵珠·3级	5	2
153108	毒灵珠·4级	1	1
153108	毒灵珠·4级	4	1
153108	毒灵珠·4级	7	1
153108	毒灵珠·4级	10	1
153108	水灵珠·2级	1	1
153108	法力宝石·1级	1	1
153108	法力宝石·1级	2	1
153108	法力宝石·3级	1	1
153108	法力宝石·3级	2	1
153108	法术命中眼石·1级	1	2
153108	法术命中眼石·2级	1	1
153108	法术命中眼石·4级	1	1
153108	法术防御水晶·1级	2	1
153108	法术防御水晶·2级	1	1
153108	法术防御水晶·3级	1	1
153108	法术防御水晶·3级	2	1
153108	法术防御水晶·4级	1	1
153108	法术防御水晶·4级	3	1
153108	法术防御水晶·4级	4	1
153108	法术防御水晶·4级	8	2
153108	法术防御水晶·5级	10	1
153108	法术防御水晶·6级	1	1
153108	法术防御水晶·6级	10	1
153108	法术闪避石·1级	1	2
153108	法术闪避石·2级	1	1
153108	法术闪避石·3级	1	1
153108	法术闪避石·3级	2	1
153108	法术闪避石·5级	1	1
153108	法术闪避石·6级	2	1
153108	法术攻击水晶·2级	1	1
153108	法术攻击水晶·3级	1	1
153108	法术攻击水晶·3级	9	1
153108	法术攻击水晶·4级	1	2
153108	法术攻击水晶·4级	2	1
153108	法术攻击水晶·4级	6	1
153108	法术攻击水晶·4级	7	1
153108	法术攻击水晶·4级	8	1
153108	法术攻击水晶·5级	1	1
153108	法术攻击水晶·5级	2	2
153108	法术攻击水晶·5级	4	1
153108	法术攻击水晶·5级	6	1
153108	法术攻击水晶·5级	10	1
153108	法术攻击水晶·6级	4	1
153108	法术攻击水晶·6级	7	1
153108	法术攻击水晶·7级	3	1
153112	圣灵珠·2级	1	5
153112	圣灵珠·2级	2	4
153112	圣灵珠·2级	3	2
153112	圣灵珠·2级	4	1
153112	圣灵珠·2级	8	1
153112	圣灵珠·2级	10	1
153112	圣灵珠·3级	1	4
153112	圣灵珠·3级	3	1
153112	圣灵珠·4级	1	1
153112	火灵珠·1级	1	2
153112	火灵珠·2级	1	1
153112	火灵珠·2级	2	1
153112	火灵珠·3级	5	1
153112	紫玛瑙·2级	1	1
153112	紫玛瑙·3级	2	1
153112	物理命中眼石·3级	1	1
153112	物理防御水晶·1级	1	3
153112	物理防御水晶·2级	1	5
153112	物理防御水晶·2级	3	1
153112	物理防御水晶·3级	1	1
153112	物理防御水晶·3级	2	2
153112	物理防御水晶·3级	3	1
153112	物理防御水晶·3级	5	1
153112	物理防御水晶·3级	10	1
153112	物理防御水晶·4级	1	5
153112	物理防御水晶·4级	2	1
153112	物理防御水晶·4级	7	1
153112	物理闪避石·1级	1	1
153112	物理闪避石·1级	2	1
153112	物理闪避石·1级	3	1
153112	物理闪避石·3级	1	2
153112	物理闪避石·4级	1	1
153112	物理攻击水晶·1级	1	3
153112	物理攻击水晶·1级	2	1
153112	物理攻击水晶·1级	3	2
153112	物理攻击水晶·1级	4	1
153112	物理攻击水晶·2级	1	3
153112	物理攻击水晶·2级	3	1
153112	物理攻击水晶·2级	4	1
153112	物理攻击水晶·3级	1	7
153112	物理攻击水晶·3级	2	2
153112	物理攻击水晶·3级	8	1
153112	物理攻击水晶·4级	1	4
153112	物理攻击水晶·4级	2	3
153112	物理攻击水晶·4级	4	2
153112	物理攻击水晶·4级	7	2
153112	物理攻击水晶·5级	1	3
153112	物理攻击水晶·5级	6	2
153112	物理攻击水晶·5级	10	1
153112	白玛瑙·1级	1	1
153112	白玛瑙·1级	6	1
153112	白玛瑙·2级	1	1
153112	白玛瑙·2级	2	2
153112	白玛瑙·3级	1	1
153112	血宝石·1级	1	4
153112	血宝石·1级	2	4
153112	血宝石·1级	3	5
153112	血宝石·1级	4	3
153112	血宝石·1级	5	2
153112	血宝石·1级	6	3
153112	血宝石·1级	7	11
153112	血宝石·1级	8	3
153112	血宝石·2级	1	22
153112	血宝石·2级	2	5
153112	血宝石·3级	1	21
153112	血宝石·3级	2	11
153112	血宝石·3级	3	12
153112	血宝石·3级	4	7
153112	血宝石·3级	5	3
153112	血宝石·3级	6	2
153112	血宝石·3级	7	2
153112	血宝石·4级	1	21
153112	血宝石·4级	2	3
153112	血宝石·4级	3	3
153112	血宝石·4级	4	2
153112	血宝石·4级	5	2
153112	血宝石·4级	6	4
153112	血宝石·4级	7	4
153112	血宝石·4级	8	3
153112	血宝石·4级	9	2
153112	血宝石·5级	1	8
153112	血宝石·5级	2	4
153112	血宝石·5级	3	1
153112	血宝石·5级	4	1
153112	血宝石·5级	10	1
153112	血宝石·6级	1	1
153112	风灵珠·1级	6	1
153112	风灵珠·2级	1	1
153112	风灵珠·2级	3	1
153112	风灵珠·3级	2	2
153112	风灵珠·3级	3	1
153112	风灵珠·4级	1	2
153112	黑玛瑙·2级	1	1
153112	赤玛瑙·2级	1	3
153112	赤玛瑙·2级	2	1
153112	赤玛瑙·3级	1	1
153112	雷灵珠·1级	1	1
153112	雷灵珠·2级	1	3
153112	雷灵珠·3级	4	1
153112	雷灵珠·3级	6	1
153112	雷灵珠·4级	1	1
153112	毒灵珠·1级	2	1
153112	毒灵珠·2级	1	1
153112	毒灵珠·2级	5	1
153112	毒灵珠·3级	1	1
153112	毒灵珠·3级	2	2
153112	毒灵珠·3级	4	1
153112	毒灵珠·4级	1	1
153112	水灵珠·2级	2	1
153112	水灵珠·3级	3	1
153112	法力宝石·1级	1	1
153112	法力宝石·2级	1	1
153112	法力宝石·3级	1	2
153112	法术命中眼石·1级	1	1
153112	法术命中眼石·2级	1	2
153112	法术命中眼石·3级	1	1
153112	法术防御水晶·1级	1	3
153112	法术防御水晶·1级	2	1
153112	法术防御水晶·1级	3	1
153112	法术防御水晶·2级	1	2
153112	法术防御水晶·2级	2	1
153112	法术防御水晶·3级	1	2
153112	法术防御水晶·3级	2	1
153112	法术防御水晶·3级	3	1
153112	法术防御水晶·3级	4	1
153112	法术防御水晶·4级	1	7
153112	法术防御水晶·4级	2	1
153112	法术闪避石·2级	1	1
153112	法术攻击水晶·1级	1	5
153112	法术攻击水晶·2级	1	2
153112	法术攻击水晶·3级	1	3
153112	法术攻击水晶·3级	2	3
153112	法术攻击水晶·3级	10	1
153112	法术攻击水晶·4级	2	2
153112	法术攻击水晶·4级	3	1
153112	法术攻击水晶·4级	5	2
153112	法术攻击水晶·4级	8	2
153112	法术攻击水晶·4级	9	1
153112	法术攻击水晶·5级	1	3
153112	法术攻击水晶·5级	2	1
153112	木灵珠·2级	1	1
153112	木灵珠·3级	1	1
