210001	59	Foxyツ	12544559	
210001	58	`Žёΰş™	11931875	
210001	69	Angels	8676407	
210001	57	Soul	6705053	
210001	61	JACOB	5802933	
210001	70	กบฎ	4592064	
210001	112	เทวะ	4207921	
210001	102	หงlधว่	3913885	
210001	62	จอมฟ้า	3852489	
210001	74	陈伟霆	3325751	
210001	63	Տოä₤₤	3271423	
210001	83	♥LOVE♥	3081289	
210001	60	Zombie	3072736	
210001	76	Quiet	2964059	
210001	72	InDy	2842171	
210001	123	ພもњनຮ	2749617	
210001	107	Ğpى	2702134	
210001	109	Hÿdrÿ	2671876	
210001	82	วังมาร	2632807	
210001	99	☆ⓒⓡⓞⓦツ	2491253	
210001	130	м∂ℓєиo	2433794	
210001	108	ไป๋หลง	2401877	
210001	84	sʋʍღƐя	2398382	
210001	191	Şღiℓe°	2357475	
210001	71	อิสระ	2350778	
210001	97	nssาช	2323042	
210001	79	uา€•ญ™	2117806	
210001	106	คนเก่ง	2072914	
210001	90	€vil	2027408	
210001	93	Devine	1937848	
210001	120	Leo	1932146	
210001	64	Sm●●th	1835161	
210001	149	Free	1277493	
210001	117	สามก๊ก	1207648	
210001	91	༄Ɓʋȵnʯ	1042200	
210001	81	devil☆	1006416	
210001	1078	✥Šาع✥	892709	
210001	127	Kitty	466912	
210001	990	กิ้ซึน	451613	
210001	1049	~Sky~	407979	
210001	212	กิเลน	328269	
210001	972	uๅvมๅs	292582	
210001	747	ŁŰŇÄ™	254371	
210001	1162	แก้ว1	231288	
210001	1086	รักทุก	228157	
210001	238	ดอกท้อ	214795	
210001	1083	สายฟ้า	206865	
210001	1001	เทอร์	206128	
210001	356	InD¥	194063	
210001	138	Dragon	177289	
210001	132	Exo-l	163082	
210001	1138	~♤~	155531	
210001	100	จอมมาร	154520	
210001	769	ປล่ວع	146261	
210001	216	lวaๅ	143805	
210001	92	☆VIP☆	138837	
210001	487	ค่ะ	127915	
210001	1016	Fuck	121236	
210001	833	Bovy™	119978	
210001	369	●Gun●	109499	
210001	617	aำwัJん	108320	
210001	457	ต้นza	92110	
210001	1163	ไก่ไก่	91020	
210001	202	ŘęŢűřņ	81785	
210001	1045	น้องภู	81309	
210001	116	ควีน	72915	
210001	1090	อๅnู๋	72556	
210001	111	ตวัน	71012	
210001	1106	ζถื่оЊ	52623	
210001	1094	สันติ,	49814	
210001	1013	KoRat™	45847	
210001	1012	~Korat	33553	
210001	1101	555555	22779	
210001	1171	ว่างๆๆ	19071	
210002	172	SmőOth	15139681	
210002	173	•TROOP	12569939	
210002	165	SC-TH	10955535	
210002	207	Տυʍღεя	7633911	
210002	169	Տოäℓℓ	6573353	
210002	189	Queen	5998843	
210002	236	kungza	4358230	
210002	152	AngeIs	4072705	
210002	195	สวย	3313534	
210002	193	ແສນສຸຂ	3310595	
210002	170	★PK★	2924820	
210002	301	smile™	2648806	
210002	210	ReMiX	2569368	
210002	194	☬TH✦	2548258	
210002	250	KING	2547146	
210002	217	KIMUJI	2480572	
210002	227	DarkPo	2464415	
210002	237	DOM	2419741	
210002	286	9Inch	2415484	
210002	248	อนุบาล	2351402	
210002	211	ລๅعໄמຢ	2312650	
210002	258	BKK-TH	2303920	
210002	252	aaaa	2289813	
210002	233	Chαncē	2282625	
210002	253	Elf	2277076	
210002	206	RealDs	2247179	
210002	354	IOI	2236223	
210002	178	ทรราช™	1821435	
210002	229	ขุนโจร	1479530	
210002	180	ฟู่	1215895	
210002	360	•THAI	1196707	
210002	215	Ozon	1097034	
210002	299	⭕金龍⭕	960512	
210002	434	Evil	807370	
210002	794	❥Syrub	697675	
210002	1129	Òí₹įôñ	581325	
210002	751	สิบทิศ	352380	
210002	234	☆Sky☆	326204	
210002	841	5555	326096	
210002	387	ซูซาน	278736	
210002	309	Apple	269409	
210002	444	ShadoW	249613	
210002	654	Ðěvìł	232662	
210002	600	Solar	218026	
210002	218	Devils	179887	
210002	197	》KP《	154886	
210002	586	✭✮✯	117164	
210002	320	♥₤oѷ€♥	110255	
210002	1044	ÜN1ŢÝ	108893	
210002	622	บันดาล	94570	
210002	786	NooLek	83235	
210002	1157	KunNoO	82506	
210002	255	บรรพต	72698	
210002	442	ยาจกชู	68032	
210002	568	XinHao	60935	
210002	451	จันทรา	60487	
210002	1112	Wolf	45480	
210002	196	Mamama	43654	
210002	1166	ajoy1	37351	
210003	298	♠ML2♠™	9130308	
210003	265	MaFiA	6667607	
210003	268	ಬもњຈs	5494421	
210003	266	โOโsจิ	3322345	
210003	371	สายฟรี	3263147	
210003	293	ĐŘ€ÂM	2977042	
210003	303	เขาวัง	2829992	
210003	314	NoFeAr	2745278	
210003	287	KEHE	2688627	
210003	313	☆STAR☆	2602507	
210003	330	Kill	2582780	
210003	321	ລๅعໄמ	2544814	
210003	305	GOD	2539464	
210003	289	KINGgu	2497365	
210003	370	➼`Go™~	2429943	
210003	341	MylOvE	2406266	
210003	294	ชาชัน	2363548	
210003	399	ยิปมัน	2311914	
210003	401	พิณมาS	2295967	
210003	264	ฮาเร็ม	2281768	
210003	342	Đøxy	2199130	
210003	355	ฮานิ	2054524	
210003	263	Wushu	2026346	
210003	290	GGEZ	2015554	
210003	397	อสรพิษ	1977389	
210003	307	~TR~	1955599	
210003	325	สามเสน	1955219	
210003	284	Solo	1899512	
210003	388	TheOne	1854584	
210003	433	หยกฮวา	1510281	
210003	267	พิภพ	1368125	
210003	339	ยาจก	998251	
210003	520	Zept	538940	
210003	350	โนบิตะ	382674	
210003	362	Gozen	372373	
210003	448	มๅsss	198585	
210003	441	สยาม	127545	
210003	458	WอDeคำ	90241	
210003	488	2moons	62163	
210003	456	วายุ	57486	
210003	1105	จอมทัพ	45760	
210003	812	จรัส	30572	
210004	408	ຣວມເທພ	9546150	
210004	410	8ทิศ	8977787	
210004	419	~SYAM~	7773164	
210004	430	Ares	7599863	
210004	460	Śოĭlё★	7528990	
210004	501	H2o·	4812107	
210004	411	ຍາມ	4808737	
210004	558	FiNz	4742665	
210004	409	MyIOvE	4178538	
210004	463	bkk	3902563	
210004	471	สมิง	3464371	
210004	554	สด	3432834	
210004	596	♧วิหค♧	3411509	
210004	495	Dark	3370609	
210004	679	➻ŦõÐά¥	3154625	
210004	521	UNFAIR	2970601	
210004	467	Japan	2951995	
210004	446	คาดำ	2934630	
210004	563	ว่าง	2824639	
210004	477	อมตะ	2814340	
210004	405	ANB	2782726	
210004	573	RomeO☆	2751925	
210004	742	ZeRo	2662322	
210004	440	°สมๅย°	2661382	
210004	505	หลงไฟ	2654927	
210004	525	SOLOVE	2642239	
210004	680	อีกา	2605392	
210004	749	จิตดาบ	2551148	
210004	475	oMo	2512561	
210004	578	กะต๊าก	2457478	
210004	656	พระราม	2455177	
210004	474	RONINS	2421282	
210004	435	♧อสูร♧	2403486	
210004	583	●VIP●	2396618	
210004	569	ใจร้าย	2391049	
210004	623	ทศษกัณ	2375638	
210004	529	สายย่อ	2334015	
210004	511	FBI	2328568	
210004	490	THWing	2327593	
210004	564	7Yab	2324335	
210004	549	KaTAK	2323194	
210004	705	คำหวาน	2295507	
210004	710	รุคฆาต	2288845	
210004	625	zPmCz	2265915	
210004	678	วิหคไฟ	2257699	
210004	550	XxUyw	2249642	
210004	489	GhosT	2247991	
210004	752	Times	2239427	
210004	726	GHOT	2238899	
210004	614	aJIoE	2224190	
210004	757	lndy	2215844	
210004	449	DNA	2207838	
210004	561	Story	2206109	
210004	683	Eagle	2205705	
210004	598	ice	2195255	
210004	436	G•nat	2193587	
210004	686	มายา	2180989	
210004	478	ลิดๆ	2163122	
210004	649	คนชรา	2127662	
210004	530	Âlønę	2116602	
210004	640	เฉยๆ	2109982	
210004	789	~miss~	2099460	
210004	682	gg	2090538	
210004	465	Coler	2082238	
210004	516	Ocean	2073812	
210004	537	♂cc♀	2063718	
210004	455	พายุ	2051071	
210004	510	cat	1982957	
210004	677	หอยขม	1974053	
210004	612	ยมฑูต	1967337	
210004	725	กระจอก	1961336	
210004	698	จังรัย	1959048	
210004	523	โออิชิ	1918856	
210004	514	✡✡✡	1899893	
210004	662	¤π™ลิน	1892853	
210004	611	•§MK§•	1840709	
210004	528	€เทพ™	1790458	
210004	783	รักบี้	1786146	
210004	730	STOP	1706431	
210004	535	《KING》	1510544	
210004	798	8อสูร	1426167	
210004	772	อินดี้	1090075	
210004	684	โลกี	926743	
210004	666	สองยาม	704399	
210004	492	mild	694174	
210004	512	หงซิ่ง	652783	
210004	484	~ZeeD~	627619	
210004	696	ศิลาดำ	531400	
210004	711	ไร้นาม	524456	
210004	836	ชิงชิว	414946	
210004	651	RatTT	350103	
210004	506	กะเทย	349102	
210004	613	ยาจกซู	331087	
210004	445	ZeeD	286251	
210004	755	Dog	218267	
210004	736	Olivia	193126	
210004	724	มิงก้า	180145	
210004	891	นภากาศ	175503	
210004	740	βMoon™	164557	
210004	508	Squad	145907	
210004	548	Quun	145856	
210004	860	8เซียน	138968	
210004	774	black	138323	
210004	500	SpeRm	137094	
210004	1023	Jame	115528	
210004	917	KST	113185	
210004	1088	RTSDT	112708	
210004	1169	Make	108049	
210004	1154	`หลอน™	106233	
210004	1110	socute	104318	
210004	881	หยก	101586	
210004	778	Mamory	98170	
210004	1100	SuperX	95154	
210004	946	หูหนีบ	92677	
210004	872	ยมฑต	89542	
210004	801	2550	88406	
210004	995	ไม่มี	88121	
210004	746	❽ເທພ☯	86483	
210004	964	somsak	81895	
210004	734	พลัง	81319	
210004	664	นานามิ	80654	
210004	764	มายาT	72734	
210004	768	Memory	68260	
210004	735	Mijji	61715	
210004	884	อมยิ้ม	60852	
210004	791	เมา	59403	
210004	760	อุ้ววว	59303	
210004	782	จั่นกง	53895	
210004	597	Šhii3i	53737	
210004	1019	อสุรา	50003	
210004	976	ฝ่อ	49586	
210004	619	AURA	46443	
210004	855	テガミバチ	41935	
210004	959	ⓖⓞⓓⓦⓐⓡ	38267	
210004	838	ล้านนา	36511	
210005	820	€king€	6932770	
210005	829	๛Äreš	5805470	
210005	839	☪ℳ٧❧	5261266	
210005	823	Uиїqυё	4529596	
210005	923	-ST-	3271700	
210005	851	•ZERO•	2852937	
210005	901	มงลง	2587566	
210005	1085	Amity	2442337	
210005	831	『мвќ』	2395629	
210005	854	A£one✩	2379873	
210005	837	WING	2376544	
210005	876	#NaNo#	2065105	
210005	852	กังฟู	2041070	
210005	885	หยางวา	2008167	
210005	920	เหวิน	1992131	
210005	967	สายลม	1987318	
210005	908	•1ST•	1985048	
210005	873	อัคคี	1972572	
210005	944	『❥bw』	1944826	
210005	943	ดาบส	1804831	
210005	830	•สมๅe•	1677332	
210005	906	8เต่า	1662648	
210005	832	ทานปลา	1504115	
210005	875	อาหัก	1005929	
210005	835	ประธาน	916435	
210005	1015	Boyza	719292	
210005	945	น่ารัก	679014	
210005	909	回到风中	640541	
210005	882	IM8	371932	
210005	857	นาน่า	300682	
210005	879	Maxgg	254455	
210005	827	мιиoʀυ	211293	
210005	900	๓ๅeชะ	133126	
210005	861	GPL	131823	
210005	828	oKINGo	130641	
210005	1014	♤RED♤	130030	
210005	840	TH£ONE	118463	
210005	1122	TROS	114682	
210005	911	ตีหิต♚	100486	
210005	971	เหว๋อ	93416	
210005	921	~AVG~™	89209	
210005	1099	pary	86704	
210005	962	อาชา	84792	
210005	1043	นาคี	83034	
210005	1145	ดอกฟ้า	77249	
210005	1170	จัunsๅ	74425	
210005	963	หรรษา	70373	
210005	1051	ซีเจ	68382	
210005	1009	ง้อใบ๊	63902	
210005	965	AwayGZ	63645	
210005	968	Titan	59379	
210005	1065	Parwa	53378	
210005	1022	akp~th	51181	
210005	948	LOFTY~	50998	
210005	969	Vie	44254	
210006	977	Geneve	4163399	
210006	982	Pⓐⓡⓣⓨ	3510754	
210006	986	Aนุบาล	3026071	
210006	992	KeeHee	2596851	
210006	999	ประธาu	2410423	
210006	979	เพื่อน	1963346	
210006	1000	รวมเทพ	1959460	
210006	1047	มังกร*	1752827	
210006	978	sวมเทw	1210659	
210006	1064	จิงไจ	1009355	
210006	1021	™lnw™	563970	
210006	989	Undead	191839	
210006	1081	Paradi	110753	
210006	1002	▄︻┻┳═一	110239	
210006	1055	YouTNT	90071	
210006	1008	Godma	79113	
210006	1040	ราชา	76159	
210006	1024	เถาฮัว	66506	
210006	1095	เหลาหู	60153	
210006	1135	~♡~	51373	
210006	1054	TNT	49052	
210006	987	อู่ตาง	30670	
210006	1037	none	24450	
210006	1076	ฟางฝน	22855	
210006	993	สยบมๅร	21812	
210007	1061	HøT	4782565	
210007	1056	หงฟ้า	3764158	
210007	1075	๛๏nO	2821193	
210007	1062	ฟ้าใส	2624646	
210007	1060	-one-	2486316	
210007	1082	K~L~	2428679	
210007	1063	ClősΣ	2160223	
210007	1087	†ⓔⓐⓢⓣ†	982021	
210007	1084	▪Indy▪	752234	
210007	1108	อสุรา™	536253	
210007	1134	~☆~	328016	
210007	1109	✓Dome	313765	
210007	1092	╰7╯	297802	
210007	1102	yariss	263318	
210007	1167	ຕ້າชິງ	253494	
210007	1091	หนู	197180	
210007	1103	เวลา	187150	
210007	1126	Sandta	100209	
210007	1104	XXXX	86637	
210007	1117	ไร้ใจ	70393	
210007	1123	~*อก*~	51765	
210007	1156	มีอ่อน	47195	
210007	1107	snek	45914	
210007	1133	weๅeม	43726	
210007	1074	น้ำใจ	38980	
210007	1113	มาลอง	26488	
210008	1125	♥ຮาชา♥	3658387	
210008	1127	Kirin	3216962	
210008	1128	☆IT☆	2085882	
210008	1132	ภูเขา	1030294	
210008	1147	[ViP]™	860278	
210008	1139	ALONE	796752	
210008	1168	அஇњ้οც	524867	
210008	1146	Inw	321237	
210008	1152	มังกร2	252062	
210008	1153	min98	159898	
210008	1149	-INDY-	95953	
210008	1172	หลิง	79377	
210008	1140	มีดบิน	71307	
210008	1143	《Hs》	65977	
210008	1142	พระถัง	45573	
210008	1155	kao303	36375	
