210001	59	Foxyツ	12316818	
210001	58	`Žёΰş™	11780438	
210001	69	Angels	8562965	
210001	57	Soul	6566432	
210001	61	JACOB	6090056	
210001	70	กบฎ	5319397	
210001	112	เทวะ	4143605	
210001	102	หงlधว่	3913250	
210001	62	จอมฟ้า	3852218	
210001	74	陈伟霆	3299004	
210001	63	Տოä₤₤	3270674	
210001	60	Zombie	3072736	
210001	83	♥LOVE♥	3060186	
210001	76	Quiet	2958973	
210001	72	InDy	2842171	
210001	123	ພもњनຮ	2730208	
210001	107	Ğpى	2702134	
210001	109	Hÿdrÿ	2667318	
210001	82	วังมาร	2632807	
210001	99	☆ⓒⓡⓞⓦツ	2491253	
210001	130	м∂ℓєиo	2410607	
210001	108	ไป๋หลง	2401877	
210001	84	sʋʍღƐя	2398382	
210001	97	nssาช	2323042	
210001	191	Şღiℓe°	2289553	
210001	71	อิสระ	2272038	
210001	79	uา€•ญ™	2112063	
210001	106	คนเก่ง	2072914	
210001	90	€vil	2026858	
210001	93	Devine	1937848	
210001	120	Leo	1931876	
210001	64	Sm●●th	1823675	
210001	149	Free	1260955	
210001	117	สามก๊ก	1207648	
210001	81	devil☆	1042395	
210001	91	༄Ɓʋȵnʯ	1042200	
210001	1078	✥Šาع✥	990205	
210001	127	Kitty	466912	
210001	990	กิ้ซึน	451183	
210001	1049	~Sky~	337108	
210001	212	กิเลน	328269	
210001	747	ŁŰŇÄ™	254371	
210001	1086	รักทุก	228157	
210001	238	ดอกท้อ	214795	
210001	1083	สายฟ้า	206865	
210001	1001	เทอร์	195368	
210001	356	InD¥	194063	
210001	138	Dragon	177289	
210001	132	Exo-l	163082	
210001	100	จอมมาร	154520	
210001	1138	~♤~	153736	
210001	769	ປล่ວع	142295	
210001	216	lวaๅ	140981	
210001	92	☆VIP☆	138837	
210001	487	ค่ะ	127915	
210001	833	Bovy™	119978	
210001	1016	Fuck	115756	
210001	617	aำwัJん	108320	
210001	369	●Gun●	106611	
210001	457	ต้นza	92110	
210001	972	uๅvมๅs	91309	
210001	202	ŘęŢűřņ	81785	
210001	1045	น้องภู	81309	
210001	116	ควีน	72915	
210001	1090	อๅnู๋	72556	
210001	111	ตวัน	71012	
210001	1106	ζถื่оЊ	51888	
210001	1094	สันติ,	49814	
210001	1013	KoRat™	45847	
210001	1012	~Korat	33553	
210001	1101	555555	22779	
210002	172	SmőOth	14750913	
210002	173	•TROOP	12236311	
210002	165	SC-TH	10445712	
210002	207	Տυʍღεя	7494404	
210002	169	Տოäℓℓ	6603004	
210002	189	Queen	5908216	
210002	236	kungza	4288861	
210002	152	AngeIs	4070591	
210002	193	ແສນສຸຂ	3310320	
210002	195	สวย	3300177	
210002	170	★PK★	2922268	
210002	301	smile™	2648604	
210002	210	ReMiX	2569368	
210002	250	KING	2549023	
210002	194	☬TH✦	2546618	
210002	217	KIMUJI	2475272	
210002	227	DarkPo	2463719	
210002	286	9Inch	2421198	
210002	237	DOM	2412580	
210002	211	ລๅعໄמຢ	2312072	
210002	258	BKK-TH	2298558	
210002	252	aaaa	2289813	
210002	253	Elf	2268796	
210002	233	Chαncē	2251613	
210002	206	RealDs	2246090	
210002	248	อนุบาล	2237401	
210002	354	IOI	2218223	
210002	178	ทรราช™	1821435	
210002	229	ขุนโจร	1479530	
210002	180	ฟู่	1215895	
210002	360	•THAI	1160998	
210002	215	Ozon	1097034	
210002	299	⭕金龍⭕	960183	
210002	434	Evil	761412	
210002	794	❥Syrub	694129	
210002	1129	Òí₹įôñ	557666	
210002	751	สิบทิศ	331665	
210002	234	☆Sky☆	326204	
210002	841	5555	326096	
210002	387	ซูซาน	278736	
210002	309	Apple	269409	
210002	444	ShadoW	249613	
210002	654	Ðěvìł	228958	
210002	600	Solar	218026	
210002	218	Devils	179887	
210002	197	》KP《	154886	
210002	586	✭✮✯	117164	
210002	320	♥₤oѷ€♥	110255	
210002	1044	ÜN1ŢÝ	108605	
210002	622	บันดาล	94570	
210002	786	NooLek	83235	
210002	255	บรรพต	72698	
210002	442	ยาจกชู	68032	
210002	568	XinHao	60935	
210002	451	จันทรา	60487	
210002	1112	Wolf	45480	
210002	196	Mamama	43654	
210003	298	♠ML2♠™	8985728	
210003	268	ಬもњຈs	7411041	
210003	265	MaFiA	6579239	
210003	266	โOโsจิ	3321796	
210003	371	สายฟรี	3260654	
210003	293	ĐŘ€ÂM	2983650	
210003	303	เขาวัง	2829753	
210003	287	KEHE	2776640	
210003	314	NoFeAr	2745278	
210003	313	☆STAR☆	2602507	
210003	330	Kill	2582780	
210003	321	ລๅعໄמ	2544814	
210003	305	GOD	2537198	
210003	289	KINGgu	2497365	
210003	370	➼`Go™~	2429943	
210003	341	MylOvE	2406266	
210003	294	ชาชัน	2351054	
210003	399	ยิปมัน	2311914	
210003	401	พิณมาS	2294704	
210003	264	ฮาเร็ม	2281768	
210003	342	Đøxy	2199130	
210003	355	ฮานิ	2054086	
210003	263	Wushu	2025384	
210003	290	GGEZ	2015554	
210003	397	อสรพิษ	1977389	
210003	307	~TR~	1955599	
210003	325	สามเสน	1955219	
210003	284	Solo	1899512	
210003	388	TheOne	1854584	
210003	433	หยกฮวา	1485937	
210003	267	พิภพ	1368125	
210003	339	ยาจก	998251	
210003	520	Zept	479167	
210003	350	โนบิตะ	382674	
210003	362	Gozen	372373	
210003	448	มๅsss	168732	
210003	441	สยาม	127545	
210003	458	WอDeคำ	90241	
210003	488	2moons	62163	
210003	456	วายุ	57486	
210003	1105	จอมทัพ	45760	
210003	812	จรัส	30572	
210004	408	ຣວມເທພ	9210635	
210004	410	8ทิศ	8779928	
210004	430	Ares	7911236	
210004	460	Śოĭlё★	7573243	
210004	419	~SYAM~	7555516	
210004	411	ຍາມ	4814989	
210004	558	FiNz	4645514	
210004	501	H2o·	4210030	
210004	409	MyIOvE	4175915	
210004	463	bkk	3896484	
210004	471	สมิง	3424806	
210004	554	สด	3415143	
210004	596	♧วิหค♧	3404321	
210004	495	Dark	3370609	
210004	679	➻ŦõÐά¥	3114907	
210004	521	UNFAIR	2961930	
210004	467	Japan	2949164	
210004	446	คาดำ	2929208	
210004	477	อมตะ	2806638	
210004	405	ANB	2782726	
210004	573	RomeO☆	2751925	
210004	680	อีกา	2717923	
210004	440	°สมๅย°	2661382	
210004	742	ZeRo	2656684	
210004	505	หลงไฟ	2654927	
210004	525	SOLOVE	2642239	
210004	563	ว่าง	2632172	
210004	749	จิตดาบ	2550015	
210004	475	oMo	2489226	
210004	656	พระราม	2455177	
210004	474	RONINS	2442305	
210004	435	♧อสูร♧	2403133	
210004	583	●VIP●	2391179	
210004	569	ใจร้าย	2386933	
210004	625	zPmCz	2369366	
210004	623	ทศษกัณ	2367637	
210004	529	สายย่อ	2333476	
210004	511	FBI	2328568	
210004	578	กะต๊าก	2327380	
210004	564	7Yab	2326806	
210004	490	THWing	2326052	
210004	705	คำหวาน	2294805	
210004	549	KaTAK	2286974	
210004	710	รุคฆาต	2274673	
210004	678	วิหคไฟ	2257699	
210004	489	GhosT	2247991	
210004	550	XxUyw	2243189	
210004	752	Times	2238176	
210004	726	GHOT	2237889	
210004	614	aJIoE	2216621	
210004	449	DNA	2207838	
210004	561	Story	2206109	
210004	683	Eagle	2201108	
210004	598	ice	2195255	
210004	436	G•nat	2193587	
210004	757	lndy	2189305	
210004	478	ลิดๆ	2159711	
210004	686	มายา	2149536	
210004	649	คนชรา	2127662	
210004	530	Âlønę	2116602	
210004	640	เฉยๆ	2109982	
210004	789	~miss~	2098284	
210004	682	gg	2089137	
210004	537	♂cc♀	2084909	
210004	465	Coler	2081430	
210004	516	Ocean	2069014	
210004	455	พายุ	2051071	
210004	698	จังรัย	2044908	
210004	510	cat	1982957	
210004	677	หอยขม	1974413	
210004	725	กระจอก	1960880	
210004	612	ยมฑูต	1938548	
210004	523	โออิชิ	1918856	
210004	514	✡✡✡	1899893	
210004	662	¤π™ลิน	1892853	
210004	611	•§MK§•	1840709	
210004	528	€เทพ™	1790458	
210004	730	STOP	1782408	
210004	783	รักบี้	1779555	
210004	535	《KING》	1496834	
210004	798	8อสูร	1314144	
210004	772	อินดี้	1099152	
210004	684	โลกี	926743	
210004	666	สองยาม	704399	
210004	492	mild	694174	
210004	512	หงซิ่ง	647217	
210004	484	~ZeeD~	627619	
210004	696	ศิลาดำ	531400	
210004	711	ไร้นาม	524456	
210004	836	ชิงชิว	414946	
210004	651	RatTT	350103	
210004	506	กะเทย	349102	
210004	613	ยาจกซู	330099	
210004	445	ZeeD	286251	
210004	755	Dog	218267	
210004	736	Olivia	192770	
210004	724	มิงก้า	180145	
210004	891	นภากาศ	174012	
210004	740	βMoon™	164557	
210004	508	Squad	145907	
210004	548	Quun	145856	
210004	860	8เซียน	138968	
210004	774	black	138323	
210004	500	SpeRm	137094	
210004	1023	Jame	115528	
210004	917	KST	113185	
210004	1088	RTSDT	112708	
210004	1110	socute	99862	
210004	881	หยก	99287	
210004	778	Mamory	98170	
210004	1100	SuperX	95154	
210004	946	หูหนีบ	92677	
210004	872	ยมฑต	89542	
210004	801	2550	88406	
210004	995	ไม่มี	88121	
210004	746	❽ເທພ☯	86483	
210004	964	somsak	81895	
210004	734	พลัง	81319	
210004	664	นานามิ	80654	
210004	764	มายาT	72734	
210004	768	Memory	68260	
210004	735	Mijji	61715	
210004	884	อมยิ้ม	60852	
210004	791	เมา	59403	
210004	760	อุ้ววว	59303	
210004	782	จั่นกง	53895	
210004	597	Šhii3i	53737	
210004	1019	อสุรา	50003	
210004	976	ฝ่อ	49586	
210004	619	AURA	46443	
210004	855	テガミバチ	41935	
210004	959	ⓖⓞⓓⓦⓐⓡ	38267	
210004	838	ล้านนา	36511	
210005	820	€king€	6679303	
210005	839	☪ℳ٧❧	5315442	
210005	829	๛Äreš	4920060	
210005	823	Uиїqυё	4484153	
210005	923	-ST-	3320236	
210005	1085	Amity	3207519	
210005	851	•ZERO•	3007487	
210005	901	มงลง	2554403	
210005	831	『мвќ』	2454111	
210005	854	A£one✩	2372519	
210005	837	WING	2370442	
210005	876	#NaNo#	2064963	
210005	908	•1ST•	2058213	
210005	852	กังฟู	2041070	
210005	885	หยางวา	2006488	
210005	920	เหวิน	1984649	
210005	967	สายลม	1977858	
210005	873	อัคคี	1953640	
210005	944	『❥bw』	1942135	
210005	943	ดาบส	1804831	
210005	830	•สมๅe•	1671171	
210005	906	8เต่า	1654095	
210005	832	ทานปลา	1499952	
210005	875	อาหัก	1005929	
210005	835	ประธาน	916161	
210005	945	น่ารัก	656584	
210005	1015	Boyza	574523	
210005	909	回到风中	489681	
210005	882	IM8	371932	
210005	857	นาน่า	299845	
210005	879	Maxgg	254455	
210005	827	мιиoʀυ	211293	
210005	900	๓ๅeชะ	133126	
210005	861	GPL	131823	
210005	828	oKINGo	130641	
210005	1014	♤RED♤	128772	
210005	840	TH£ONE	118463	
210005	1122	TROS	114185	
210005	911	ตีหิต♚	100486	
210005	971	เหว๋อ	90405	
210005	921	~AVG~™	89209	
210005	1099	pary	86704	
210005	962	อาชา	84792	
210005	1043	นาคี	81683	
210005	1051	ซีเจ	77378	
210005	1145	ดอกฟ้า	72332	
210005	963	หรรษา	70373	
210005	1009	ง้อใบ๊	63902	
210005	965	AwayGZ	63645	
210005	968	Titan	59379	
210005	1065	Parwa	53378	
210005	1022	akp~th	51181	
210005	948	LOFTY~	50998	
210005	969	Vie	44254	
210006	977	Geneve	4118487	
210006	982	Pⓐⓡⓣⓨ	3336142	
210006	986	Aนุบาล	3012297	
210006	992	KeeHee	2648112	
210006	999	ประธาu	2397969	
210006	979	เพื่อน	1977413	
210006	1000	รวมเทพ	1854209	
210006	1047	มังกร*	1496305	
210006	978	sวมเทw	1209892	
210006	1064	จิงไจ	939010	
210006	1021	™lnw™	559113	
210006	989	Undead	191133	
210006	1002	▄︻┻┳═一	112880	
210006	1081	Paradi	110753	
210006	1055	YouTNT	90071	
210006	1008	Godma	79113	
210006	1040	ราชา	76159	
210006	1024	เถาฮัว	66506	
210006	1095	เหลาหู	60153	
210006	1135	~♡~	51373	
210006	1054	TNT	49052	
210006	987	อู่ตาง	30670	
210006	1037	none	24450	
210006	1076	ฟางฝน	22855	
210006	993	สยบมๅร	21812	
210007	1061	HøT	4189019	
210007	1056	หงฟ้า	3542631	
210007	1062	ฟ้าใส	2608567	
210007	1075	๛๏nO	2508573	
210007	1060	-one-	2476663	
210007	1082	K~L~	2454902	
210007	1063	ClősΣ	2108300	
210007	1087	†ⓔⓐⓢⓣ†	1191012	
210007	1084	▪Indy▪	691127	
210007	1108	อสุรา™	441077	
210007	1109	✓Dome	313317	
210007	1092	╰7╯	288001	
210007	1102	yariss	259413	
210007	1091	หนู	197180	
210007	1103	เวลา	187150	
210007	1134	~☆~	108654	
210007	1126	Sandta	97165	
210007	1104	XXXX	86637	
210007	1117	ไร้ใจ	70393	
210007	1123	~*อก*~	51765	
210007	1107	snek	45914	
210007	1133	weๅeม	43726	
210007	1074	น้ำใจ	38980	
210007	1113	มาลอง	26488	
210008	1125	♥ຮาชา♥	3080400	
210008	1128	☆IT☆	2006183	
210008	1127	Kirin	1995516	
210008	1147	[ViP]™	679304	
210008	1139	ALONE	458819	
210008	1132	ภูเขา	265167	
210008	1152	มังกร2	155501	
210008	1149	-INDY-	101161	
210008	1146	Inw	69810	
210008	1143	《Hs》	61618	
210008	1142	พระถัง	45573	
210008	1140	มีดบิน	45392	
