æŽ’è¡Œæ¦œlevelç½‘å…³210006
game_id,account,pf_user_id,pf_role_id,pf_user_id,char_name,combat_power,level,role,ss_camp_type,pvp_score,charm_point
210,kikzaqq@hotmail.com,100065098,87680,?lttoSh????,166470, 90, 4, 2, 580, 380
210,facebook100014385,100014385,87718,?????????,168138, 90, 3, 2, 656, 371
210,facebook100010346,100010346,88888,??????????,191902, 90, 2, 1, 170, 611
210,facebook100066357,100066357,90205,?????????,160442, 89, 1, 3, 355, 9
210,facebook100030173,100030173,87388,??ä??~?™,151083, 88, 1, 1, 84, 200
210,iam_pp123@hotmail.com,100062042,87595,????????,180955, 88, 4, 3, 69, 36
210,lukmoosama@gmail.com,100063592,88657,MooNi,151614, 88, 3, 2, 499, 126
210,auil113@gmail.com,100065982,89478,??????????,166421, 88, 4, 3, 129, 0
210,english9999@gmail.com,100030816,89956,?????????,144924, 88, 2, 1, 0, 36
210,facebook100065749,100065749,89045,?????,150678, 87, 3, 3, 162, 207
