æŽ’è¡Œæ¦œlevelç½‘å…³210005
game_id,account,pf_user_id,pf_role_id,pf_user_id,char_name,combat_power,level,role,ss_camp_type,pvp_score,charm_point
210,vvipzakub@gmail.com,100034339,70398,??????,211536, 99, 1, 1, 69, 468
210,stabilossit3@gmail.com,100034344,70436,????????,228744, 99, 3, 1, 1152, 1091
210,a-chi-39@hotmail.com,100028261,71827,?`????????,182762, 98, 2, 1, 168, 383
210,facebook100000053,100000053,70402,?????,200249, 97, 1, 3, 475, 27
210,apiwatnada@gmail.com,100056012,71406,~StaR~,214446, 97, 2, 1, 896, 181
210,mmm_m2533@hotmail.com,100030420,71725,????Big?M????,153043, 97, 1, 1, 557, 126
210,jaymart2521@gmail.com,100026840,70395,?????????,194211, 96, 1, 3, 789, 184
210,facebook100009343,100009343,70467,-Redzone-,191932, 96, 2, 3, 0, 128
210,facebook100032341,100032341,71255,??????,175194, 96, 2, 3, 492, 171
210,facebook100003603,100003603,71239,•??????•,172923, 95, 1, 3, 0, 144
