æŽ’è¡Œæ¦œlevelç½‘å…³210004
game_id,account,pf_user_id,pf_role_id,pf_user_id,char_name,combat_power,level,role,ss_camp_type,pvp_score,charm_point
210,facebook100020014,100020014,28995,~•??????•~,198163, 96, 1, 3, 522, 803
210,facebook100023953,100023953,29205,•??????•,200616, 96, 3, 3, 634, 9
210,matoomtaoaey@gmail.com,100028804,31591,Tao×,215342, 96, 3, 3, 782, 2954
210,puengnay3365@gmail.com,100035774,40807,°??????ß???????,193267, 96, 2, 1, 570, 744
210,facebook100035886,100035886,40928,Liverpool,193289, 96, 1, 3, 299, 135
210,gggkenglovenoon4399@gmail.com,100036248,41430,?l3lä?kZëëd?,217721, 96, 1, 1, 640, 5545
210,nabpol@hotmail.com,100019805,52589,??????,196691, 96, 4, 1, 275, 144
210,mzqmilkdh@gmail.com,100011050,29007,??Maruko??,173131, 95, 3, 2, 371, 238
210,gggttc38246@hotmail.com,100011159,29327,7???,197852, 95, 4, 1, 0, 90
210,selfrespect_lee@hotmail.com,100001399,29339,??£€€??,181073, 95, 2, 2, 293, 125
æŽ’è¡Œæ¦œcombat_powerç½‘å…³210004
game_id,account,pf_user_id,pf_role_id,pf_user_id,char_name,combat_power,level,role,ss_camp_type,pvp_score,charm_point
210,gggkenglovenoon4399@gmail.com,100036248,41430,?l3lä?kZëëd?,217721, 96, 1, 1, 640, 5545
210,facebook100017938,100017938,29376,?ST?,217458, 95, 2, 2, 595, 189
210,matoomtaoaey@gmail.com,100028804,31591,Tao×,215342, 96, 3, 3, 782, 2954
210,facebook100028040,100028040,30548,??????,210882, 94, 3, 3, 704, 4994
210,facebook100027459,100027459,29753,?Toey?,205732, 94, 4, 3, 643, 874
210,facebook100023953,100023953,29205,•??????•,200616, 96, 3, 3, 634, 9
210,facebook100019187,100019187,29800,isshowtime,200067, 95, 4, 1, 132, 243
210,amnart.triyotee@gmail.com,100032505,36446,JomKhwaN,200065, 94, 4, 1, 526, 99
210,banksing01@gmail.com,100035576,40563,ß???????,198538, 95, 2, 3, 678, 243
210,facebook100020014,100020014,28995,~•??????•~,198163, 96, 1, 3, 522, 803
æŽ’è¡Œæ¦œcharm_pointç½‘å…³210004
game_id,account,pf_user_id,pf_role_id,pf_user_id,char_name,combat_power,level,role,ss_camp_type,pvp_score,charm_point
210,gggkenglovenoon4399@gmail.com,100036248,41430,?l3lä?kZëëd?,217721, 96, 1, 1, 640, 5545
210,facebook100028040,100028040,30548,??????,210882, 94, 3, 3, 704, 4994
210,gggkartoonareerat38@gmail.com,100013531,29520,???ï??????,168121, 92, 2, 2, 0, 4114
210,monoone2511@gmail.com,100019822,32710,~KiKi~,177743, 91, 3, 1, 225, 3508
210,facebook100015242,100015242,32736,?Ä???°,159947, 92, 3, 3, 60, 3479
210,matoomtaoaey@gmail.com,100028804,31591,Tao×,215342, 96, 3, 3, 782, 2954
210,facebook100027459,100027459,29753,?Toey?,205732, 94, 4, 3, 643, 874
210,facebook100036291,100036291,42795,???????²,179543, 91, 2, 3, 118, 809
210,facebook100020014,100020014,28995,~•??????•~,198163, 96, 1, 3, 522, 803
210,puengnay3365@gmail.com,100035774,40807,°??????ß???????,193267, 96, 2, 1, 570, 744
æŽ’è¡Œæ¦œpvp_scoreç½‘å…³210004
game_id,account,pf_user_id,pf_role_id,pf_user_id,char_name,combat_power,level,role,ss_camp_type,pvp_score,charm_point
210,facebook100002290,100002290,28936,????????,168834, 87, 4, 3, 1786, 9
210,facebook100032306,100032306,36198,o????????o,156382, 88, 2, 1, 1295, 81
210,facebook100008043,100008043,29145,????????,142751, 83, 3, 3, 1274, 171
210,facebook100002033,100002033,29290,??????????,141588, 86, 1, 1, 1231, 27
210,facebook100034088,100034088,38521,?????????,120767, 82, 2, 2, 1150, 9
210,gggkorkaew3544@gmail.com,100012680,29188,???X???????,125490, 80, 2, 2, 1142, 162
210,gosgosloliloli@hotmail.com,100002287,29637,??????,88623, 77, 1, 3, 1130, 18
210,facebook100022560,100022560,28889,?????,111074, 77, 3, 2, 1122, 9
210,facebook100001273,100001273,29322,?¦iK¡s§,113131, 77, 1, 1, 1069, 0
210,facebook100027028,100027028,28919,???????,114392, 78, 3, 1, 1043, 9
