æŽ’è¡Œæ¦œlevelç½‘å…³210003
game_id,account,pf_user_id,pf_role_id,pf_user_id,char_name,combat_power,level,role,ss_camp_type,pvp_score,charm_point
210,facebook100001056,100001056,16494,????????,217361, 95, 3, 3, 0, 452
210,ggggukaron906@gmail.com,100007148,16497,??ßª????,192275, 95, 3, 3, 0, 162
210,facebook100009553,100009553,16609,????????,170019, 95, 4, 1, 965, 153
210,gggicecreamcat2527@gmail.com,100004143,21155,~???ll?v,205004, 95, 2, 3, 0, 333
210,good_life512@hotmail.com,100001314,23631,?•????•?,202071, 95, 3, 2, 0, 207
210,user02@gmail.com,100023172,23965,?????,201789, 95, 3, 1, 0, 36
210,gggktj.l.o.v.e.ktj@gmail.com,100025712,27130,?•~TJ~•?,174013, 95, 3, 1, 0, 227
210,facebook100015346,100015346,16840,??????,184365, 94, 2, 1, 484, 461
210,soda.cc00@gmail.com,100002499,18891,?lx?e??oe?,183903, 94, 2, 1, 60, 3985
210,bass8911@hotmail.com,100019685,19343,~YesSirDay~,175047, 94, 4, 2, 0, 436
æŽ’è¡Œæ¦œcombat_powerç½‘å…³210003
game_id,account,pf_user_id,pf_role_id,pf_user_id,char_name,combat_power,level,role,ss_camp_type,pvp_score,charm_point
210,facebook100001056,100001056,16494,????????,217361, 95, 3, 3, 0, 452
210,gggicecreamcat2527@gmail.com,100004143,21155,~???ll?v,205004, 95, 2, 3, 0, 333
210,good_life512@hotmail.com,100001314,23631,?•????•?,202071, 95, 3, 2, 0, 207
210,user02@gmail.com,100023172,23965,?????,201789, 95, 3, 1, 0, 36
210,ggggukaron906@gmail.com,100007148,16497,??ßª????,192275, 95, 3, 3, 0, 162
210,pongmay4282@gmail.com,100017978,17135,Wick`z™,187087, 90, 1, 1, 329, 18
210,facebook100015346,100015346,16840,??????,184365, 94, 2, 1, 484, 461
210,soda.cc00@gmail.com,100002499,18891,?lx?e??oe?,183903, 94, 2, 1, 60, 3985
210,lnwkimmerking@outlook.co.th,100024455,25494,?????,182085, 92, 4, 2, 163, 9
210,facebook100024298,100024298,25298,?????????,178153, 94, 3, 1, 385, 144
æŽ’è¡Œæ¦œcharm_pointç½‘å…³210003
game_id,account,pf_user_id,pf_role_id,pf_user_id,char_name,combat_power,level,role,ss_camp_type,pvp_score,charm_point
210,gggploy.123.poppy@gmail.com,100021208,25136,??????`?,140085, 86, 2, 2, 528, 12496
210,soda.cc00@gmail.com,100002499,18891,?lx?e??oe?,183903, 94, 2, 1, 60, 3985
210,facebook100018565,100018565,18145,-Ryu-,147474, 80, 4, 2, 1297, 1907
210,facebook100001047,100001047,21320,Lnw?o?a?a?,83673, 66, 4, 1, 60, 658
210,facebook100022560,100022560,23776,•????????•,71261, 59, 4, 1, 124, 649
210,facebook100026747,100026747,28530,?•~JT~•?,165398, 94, 4, 1, 0, 562
210,gggcvbhu782@gmail.com,100020097,19908,???????,95680, 72, 4, 3, 483, 539
210,facebook100015346,100015346,16840,??????,184365, 94, 2, 1, 484, 461
210,facebook100001056,100001056,16494,????????,217361, 95, 3, 3, 0, 452
210,bass8911@hotmail.com,100019685,19343,~YesSirDay~,175047, 94, 4, 2, 0, 436
æŽ’è¡Œæ¦œpvp_scoreç½‘å…³210003
game_id,account,pf_user_id,pf_role_id,pf_user_id,char_name,combat_power,level,role,ss_camp_type,pvp_score,charm_point
210,facebook100026895,100026895,28739,???oJ???€°?,152673, 93, 3, 1, 1470, 198
210,facebook100018002,100018002,17147,????????,151369, 80, 3, 1, 1467, 128
210,facebook100018565,100018565,18145,-Ryu-,147474, 80, 4, 2, 1297, 1907
210,gggyakumkang@gmail.com,100017115,16552,?????????,103595, 75, 1, 3, 996, 21
210,facebook100009553,100009553,16609,????????,170019, 95, 4, 1, 965, 153
210,facebook100020882,100020882,20983,Me????,103863, 73, 3, 3, 830, 0
210,facebook100020371,100020371,20277,EspraY,118704, 78, 4, 3, 787, 0
210,facebook100020604,100020604,20593,Rosezi,95657, 70, 4, 2, 735, 0
210,facebook100017774,100017774,16846,?????Y????,86406, 65, 3, 1, 687, 18
210,gggozone.7479o@gmail.com,100013420,16507,?????????,85350, 68, 1, 2, 660, 9
