æŽ’è¡Œæ¦œlevelç½‘å…³210004
game_id,account,pf_user_id,pf_role_id,pf_user_id,char_name,combat_power,level,role,ss_camp_type,pvp_score,charm_point
210,facebook100020014,100020014,28995,~•??????•~,211012, 99, 1, 3, 594, 812
210,facebook100017938,100017938,29376,?ST?,224520, 99, 2, 2, 1488, 207
210,matoomtaoaey@gmail.com,100028804,31591,Tao×,234766, 99, 3, 3, 1570, 3053
210,puengnay3365@gmail.com,100035774,40807,°??????ß???????,202657, 99, 2, 1, 0, 852
210,facebook100035886,100035886,40928,Liverpool,212105, 99, 1, 3, 805, 171
210,nabpol@hotmail.com,100019805,52589,??????,204674, 99, 4, 1, 486, 297
210,mzqmilkdh@gmail.com,100011050,29007,??Maruko??,183390, 98, 3, 2, 0, 283
210,facebook100023953,100023953,29205,•??????•,205923, 98, 3, 3, 1282, 27
210,selfrespect_lee@hotmail.com,100001399,29339,??£€€??,187645, 98, 2, 2, 492, 125
210,facebook100027459,100027459,29753,?Toey?,221873, 98, 4, 3, 0, 946
æŽ’è¡Œæ¦œcombat_powerç½‘å…³210004
game_id,account,pf_user_id,pf_role_id,pf_user_id,char_name,combat_power,level,role,ss_camp_type,pvp_score,charm_point
210,matoomtaoaey@gmail.com,100028804,31591,Tao×,234766, 99, 3, 3, 1570, 3053
210,gggkenglovenoon4399@gmail.com,100036248,41430,?l3lä?kZëëd?,229300, 98, 1, 1, 1062, 5545
210,amnart.triyotee@gmail.com,100032505,36446,JomKhwaN,227783, 98, 4, 1, 0, 144
210,facebook100017938,100017938,29376,?ST?,224520, 99, 2, 2, 1488, 207
210,facebook100027459,100027459,29753,?Toey?,221873, 98, 4, 3, 0, 946
210,facebook100028040,100028040,30548,??????,216393, 96, 3, 3, 1425, 5039
210,facebook100035886,100035886,40928,Liverpool,212105, 99, 1, 3, 805, 171
210,facebook100020014,100020014,28995,~•??????•~,211012, 99, 1, 3, 594, 812
210,facebook100019187,100019187,29800,isshowtime,209144, 97, 4, 1, 670, 252
210,banksing01@gmail.com,100035576,40563,ß???????,208799, 98, 2, 3, 1821, 243
æŽ’è¡Œæ¦œcharm_pointç½‘å…³210004
game_id,account,pf_user_id,pf_role_id,pf_user_id,char_name,combat_power,level,role,ss_camp_type,pvp_score,charm_point
210,gggkenglovenoon4399@gmail.com,100036248,41430,?l3lä?kZëëd?,229300, 98, 1, 1, 1062, 5545
210,facebook100028040,100028040,30548,??????,216393, 96, 3, 3, 1425, 5039
210,gggkartoonareerat38@gmail.com,100013531,29520,???ï??????,176181, 94, 2, 2, 0, 4136
210,facebook100015242,100015242,32736,?Ä???°,169913, 95, 3, 3, 0, 3605
210,monoone2511@gmail.com,100019822,32710,~KiKi~,177743, 91, 3, 1, 225, 3508
210,matoomtaoaey@gmail.com,100028804,31591,Tao×,234766, 99, 3, 3, 1570, 3053
210,facebook100027459,100027459,29753,?Toey?,221873, 98, 4, 3, 0, 946
210,facebook100036291,100036291,42795,???????²,202322, 94, 2, 3, 0, 891
210,puengnay3365@gmail.com,100035774,40807,°??????ß???????,202657, 99, 2, 1, 0, 852
210,facebook100020014,100020014,28995,~•??????•~,211012, 99, 1, 3, 594, 812
æŽ’è¡Œæ¦œpvp_scoreç½‘å…³210004
game_id,account,pf_user_id,pf_role_id,pf_user_id,char_name,combat_power,level,role,ss_camp_type,pvp_score,charm_point
210,banksing01@gmail.com,100035576,40563,ß???????,208799, 98, 2, 3, 1821, 243
210,facebook100002290,100002290,28936,????????,168834, 87, 4, 3, 1786, 9
210,matoomtaoaey@gmail.com,100028804,31591,Tao×,234766, 99, 3, 3, 1570, 3053
210,facebook100017938,100017938,29376,?ST?,224520, 99, 2, 2, 1488, 207
210,facebook100028040,100028040,30548,??????,216393, 96, 3, 3, 1425, 5039
210,facebook100032306,100032306,36198,o????????o,156382, 88, 2, 1, 1295, 81
210,facebook100023953,100023953,29205,•??????•,205923, 98, 3, 3, 1282, 27
210,facebook100008043,100008043,29145,????????,142751, 83, 3, 3, 1274, 171
210,facebook100002033,100002033,29290,??????????,141588, 86, 1, 1, 1231, 27
210,facebook100034088,100034088,38521,?????????,120767, 82, 2, 2, 1150, 9
