æŽ’è¡Œæ¦œlevelç½‘å…³210004
game_id,account,pf_user_id,pf_role_id,pf_user_id,char_name,combat_power,level,role,ss_camp_type,pvp_score,charm_point
210,facebook100020014,100020014,28995,~•??????•~,217756, 100, 1, 3, 214, 848
210,mzqmilkdh@gmail.com,100011050,29007,??Maruko??,189750, 100, 3, 2, 449, 445
210,selfrespect_lee@hotmail.com,100001399,29339,??£€€??,195759, 100, 2, 2, 314, 125
210,facebook100017938,100017938,29376,?ST?,232772, 100, 2, 2, 699, 207
210,facebook100027459,100027459,29753,?Toey?,228758, 100, 4, 3, 851, 964
210,matoomtaoaey@gmail.com,100028804,31591,Tao×,242701, 100, 3, 3, 955, 3080
210,kongsakgamer004@gmail.com,100025946,32915,????™,208530, 100, 2, 2, 450, 432
210,amnart.triyotee@gmail.com,100032505,36446,JomKhwaN,236919, 100, 4, 1, 905, 144
210,banksing01@gmail.com,100035576,40563,ß???????,216203, 100, 2, 3, 731, 306
210,puengnay3365@gmail.com,100035774,40807,°??????ß???????,196860, 100, 2, 1, 523, 1050
æŽ’è¡Œæ¦œcombat_powerç½‘å…³210004
game_id,account,pf_user_id,pf_role_id,pf_user_id,char_name,combat_power,level,role,ss_camp_type,pvp_score,charm_point
210,matoomtaoaey@gmail.com,100028804,31591,Tao×,242701, 100, 3, 3, 955, 3080
210,amnart.triyotee@gmail.com,100032505,36446,JomKhwaN,236919, 100, 4, 1, 905, 144
210,gggkenglovenoon4399@gmail.com,100036248,41430,?l3lä?kZëëd?,233248, 99, 1, 1, 434, 5545
210,facebook100017938,100017938,29376,?ST?,232772, 100, 2, 2, 699, 207
210,facebook100027459,100027459,29753,?Toey?,228758, 100, 4, 3, 851, 964
210,facebook100035886,100035886,40928,Liverpool,220118, 100, 1, 3, 238, 207
210,facebook100020014,100020014,28995,~•??????•~,217756, 100, 1, 3, 214, 848
210,facebook100028040,100028040,30548,??????,216393, 96, 3, 3, 1425, 5039
210,facebook100031108,100031108,34573,?~???????~?,216222, 98, 2, 2, 30, 27
210,banksing01@gmail.com,100035576,40563,ß???????,216203, 100, 2, 3, 731, 306
æŽ’è¡Œæ¦œcharm_pointç½‘å…³210004
game_id,account,pf_user_id,pf_role_id,pf_user_id,char_name,combat_power,level,role,ss_camp_type,pvp_score,charm_point
210,gggkenglovenoon4399@gmail.com,100036248,41430,?l3lä?kZëëd?,233248, 99, 1, 1, 434, 5545
210,facebook100028040,100028040,30548,??????,216393, 96, 3, 3, 1425, 5039
210,gggkartoonareerat38@gmail.com,100013531,29520,???ï??????,181282, 95, 2, 2, 0, 4136
210,facebook100015242,100015242,32736,?Ä???°,174388, 96, 3, 3, 30, 3704
210,monoone2511@gmail.com,100019822,32710,~KiKi~,177718, 91, 3, 1, 0, 3508
210,matoomtaoaey@gmail.com,100028804,31591,Tao×,242701, 100, 3, 3, 955, 3080
210,puengnay3365@gmail.com,100035774,40807,°??????ß???????,196860, 100, 2, 1, 523, 1050
210,facebook100036291,100036291,42795,???????²,198854, 95, 2, 3, 767, 1019
210,facebook100027459,100027459,29753,?Toey?,228758, 100, 4, 3, 851, 964
210,facebook100020014,100020014,28995,~•??????•~,217756, 100, 1, 3, 214, 848
æŽ’è¡Œæ¦œpvp_scoreç½‘å…³210004
game_id,account,pf_user_id,pf_role_id,pf_user_id,char_name,combat_power,level,role,ss_camp_type,pvp_score,charm_point
210,facebook100002290,100002290,28936,????????,168834, 87, 4, 3, 1786, 9
210,facebook100028040,100028040,30548,??????,216393, 96, 3, 3, 1425, 5039
210,facebook100032306,100032306,36198,o????????o,156382, 88, 2, 1, 1295, 81
210,facebook100023953,100023953,29205,•??????•,205923, 98, 3, 3, 1282, 27
210,facebook100008043,100008043,29145,????????,142751, 83, 3, 3, 1274, 171
210,facebook100002033,100002033,29290,??????????,141588, 86, 1, 1, 1231, 27
210,facebook100034088,100034088,38521,?????????,120767, 82, 2, 2, 1150, 9
210,gggkorkaew3544@gmail.com,100012680,29188,???X???????,125490, 80, 2, 2, 1142, 162
210,gosgosloliloli@hotmail.com,100002287,29637,??????,88623, 77, 1, 3, 1130, 18
210,facebook100022560,100022560,28889,?????,111074, 77, 3, 2, 1122, 9
