æŽ’è¡Œæ¦œlevelç½‘å…³210008
game_id,account,pf_user_id,pf_role_id,pf_user_id,char_name,combat_power,level,role,ss_camp_type,pvp_score,charm_point
210,punnawep@hotmail.co.th,100031722,97823,?L??i†??,144749, 80, 2, 1, 759, 172
210,facebook100069747,100069747,97880,???,142038, 80, 3, 1, 485, 72
210,maylody@hotmail.com,100069763,97910,~????????~,119404, 80, 2, 2, 790, 263
210,rossross2526@gmail.com,100069773,97947,??????,169744, 80, 2, 2, 1471, 200
210,facebook100010139,100010139,98003,>??????<,127442, 80, 4, 1, 574, 9
210,facebook100069798,100069798,98031,??????????????,133902, 80, 2, 2, 672, 36
210,jokejoke_hot@hotmail.com,100069822,98072,°J?ker°,160898, 80, 3, 1, 1551, 609
210,suphakornbanjong404@gmail.com,100030455,98086,?~Frozen~?,131950, 80, 3, 1, 952, 18
210,nootanes@gmail.com,100069843,98130,???????,170097, 80, 1, 2, 993, 27
210,facebook100069923,100069923,98329,???????,122095, 80, 4, 2, 515, 36
