æŽ’è¡Œæ¦œlevelç½‘å…³210003
game_id,account,pf_user_id,pf_role_id,pf_user_id,char_name,combat_power,level,role,ss_camp_type,pvp_score,charm_point
210,facebook100009553,100009553,16609,????????,215479, 94, 4, 1, 751, 144
210,ggggukaron906@gmail.com,100007148,16497,??ßª????,185273, 93, 3, 3, 908, 153
210,facebook100015346,100015346,16840,??????,182304, 93, 2, 1, 225, 461
210,soda.cc00@gmail.com,100002499,18891,?lx?e??oe?,182952, 93, 2, 1, 60, 3985
210,gggicecreamcat2527@gmail.com,100004143,21155,~???ll?v,195221, 93, 2, 3, 357, 243
210,facebook100024298,100024298,25298,?????????,171991, 93, 3, 1, 340, 144
210,gggktj.l.o.v.e.ktj@gmail.com,100025712,27130,?•~TJ~•?,166254, 93, 3, 1, 291, 173
210,facebook100001056,100001056,16494,????????,212723, 92, 3, 3, 880, 398
210,bass8911@hotmail.com,100019685,19343,~YesSirDay~,168774, 92, 4, 2, 120, 427
210,good_life512@hotmail.com,100001314,23631,?•????•?,191947, 92, 3, 2, 748, 198
æŽ’è¡Œæ¦œcombat_powerç½‘å…³210003
game_id,account,pf_user_id,pf_role_id,pf_user_id,char_name,combat_power,level,role,ss_camp_type,pvp_score,charm_point
210,facebook100009553,100009553,16609,????????,215479, 94, 4, 1, 751, 144
210,facebook100001056,100001056,16494,????????,212723, 92, 3, 3, 880, 398
210,gggicecreamcat2527@gmail.com,100004143,21155,~???ll?v,195221, 93, 2, 3, 357, 243
210,user02@gmail.com,100023172,23965,?????,192258, 92, 3, 1, 758, 27
210,good_life512@hotmail.com,100001314,23631,?•????•?,191947, 92, 3, 2, 748, 198
210,pongmay4282@gmail.com,100017978,17135,Wick`z™,187087, 90, 1, 1, 329, 18
210,ggggukaron906@gmail.com,100007148,16497,??ßª????,185273, 93, 3, 3, 908, 153
210,soda.cc00@gmail.com,100002499,18891,?lx?e??oe?,182952, 93, 2, 1, 60, 3985
210,facebook100015346,100015346,16840,??????,182304, 93, 2, 1, 225, 461
210,lnwkimmerking@outlook.co.th,100024455,25494,?????,178541, 91, 4, 2, 163, 9
æŽ’è¡Œæ¦œcharm_pointç½‘å…³210003
game_id,account,pf_user_id,pf_role_id,pf_user_id,char_name,combat_power,level,role,ss_camp_type,pvp_score,charm_point
210,gggploy.123.poppy@gmail.com,100021208,25136,??????`?,140085, 86, 2, 2, 528, 12496
210,soda.cc00@gmail.com,100002499,18891,?lx?e??oe?,182952, 93, 2, 1, 60, 3985
210,facebook100018565,100018565,18145,-Ryu-,147474, 80, 4, 2, 1297, 1907
210,facebook100001047,100001047,21320,Lnw?o?a?a?,83673, 66, 4, 1, 60, 658
210,facebook100022560,100022560,23776,•????????•,71261, 59, 4, 1, 124, 649
210,facebook100026747,100026747,28530,?•~JT~•?,160326, 92, 4, 1, 459, 553
210,gggcvbhu782@gmail.com,100020097,19908,???????,95680, 72, 4, 3, 483, 539
210,facebook100015346,100015346,16840,??????,182304, 93, 2, 1, 225, 461
210,bass8911@hotmail.com,100019685,19343,~YesSirDay~,168774, 92, 4, 2, 120, 427
210,facebook100001056,100001056,16494,????????,212723, 92, 3, 3, 880, 398
æŽ’è¡Œæ¦œpvp_scoreç½‘å…³210003
game_id,account,pf_user_id,pf_role_id,pf_user_id,char_name,combat_power,level,role,ss_camp_type,pvp_score,charm_point
210,facebook100018002,100018002,17147,????????,151369, 80, 3, 1, 1467, 128
210,facebook100018565,100018565,18145,-Ryu-,147474, 80, 4, 2, 1297, 1907
210,gggyakumkang@gmail.com,100017115,16552,?????????,103595, 75, 1, 3, 996, 21
210,facebook100026895,100026895,28739,???oJ???€°?,150677, 92, 3, 1, 990, 171
210,ggggukaron906@gmail.com,100007148,16497,??ßª????,185273, 93, 3, 3, 908, 153
210,facebook100001056,100001056,16494,????????,212723, 92, 3, 3, 880, 398
210,facebook100020882,100020882,20983,Me????,103863, 73, 3, 3, 830, 0
210,facebook100004347,100004347,16735,IIoUl??u,104104, 72, 1, 1, 788, 0
210,facebook100020371,100020371,20277,EspraY,118704, 78, 4, 3, 787, 0
210,user02@gmail.com,100023172,23965,?????,192258, 92, 3, 1, 758, 27
