æŽ’è¡Œæ¦œlevelç½‘å…³210003
game_id,account,pf_user_id,pf_role_id,pf_user_id,char_name,combat_power,level,role,ss_camp_type,pvp_score,charm_point
210,facebook100001056,100001056,16494,????????,250049, 100, 3, 3, 753, 787
210,ggggukaron906@gmail.com,100007148,16497,??ßª????,210144, 100, 3, 3, 497, 261
210,bass8911@hotmail.com,100019685,19343,~YesSirDay~,201727, 100, 4, 2, 264, 553
210,gggicecreamcat2527@gmail.com,100004143,21155,~???ll?v,236887, 100, 2, 3, 415, 558
210,good_life512@hotmail.com,100001314,23631,?•????•?,237203, 100, 3, 2, 1051, 351
210,user02@gmail.com,100023172,23965,?•~JT~•?,218287, 100, 3, 1, 0, 36
210,gggktj.l.o.v.e.ktj@gmail.com,100025712,27130,?•~TJ~•?,199926, 100, 3, 1, 90, 290
210,facebook100009553,100009553,16609,????????,229683, 99, 4, 1, 604, 198
210,facebook100020616,100020616,20609, ???????,201451, 99, 3, 2, 526, 9
210,facebook100026747,100026747,28530,?•~JT~•?,186213, 99, 4, 1, 0, 733
