æŽ’è¡Œæ¦œlevelç½‘å…³210004
game_id,account,pf_user_id,pf_role_id,pf_user_id,char_name,combat_power,level,role,ss_camp_type,pvp_score,charm_point
210,matoomtaoaey@gmail.com,100028804,31591,Tao×,186176, 90, 3, 3, 2887, 2646
210,puengnay3365@gmail.com,100035774,40807,°??????ß???????,171158, 90, 2, 1, 1988, 627
210,gggkenglovenoon4399@gmail.com,100036248,41430,?l3lä?kZëëd?,197467, 90, 1, 1, 2538, 5327
210,facebook100020014,100020014,28995,~•??????•~,159560, 89, 1, 3, 1246, 443
210,gggpoypoy010639@gmail.com,100000258,29168,?????,150823, 89, 3, 3, 1607, 626
210,facebook100023953,100023953,29205,•??????•,170481, 89, 3, 3, 2296, 0
210,gggttc38246@hotmail.com,100011159,29327,7???,173388, 89, 4, 1, 1907, 90
210,facebook100017938,100017938,29376,?ST?,183981, 89, 2, 2, 2218, 54
210,facebook100027459,100027459,29753,?Toey?,190295, 89, 4, 3, 2194, 717
210,facebook100019187,100019187,29800,isshowtime,167713, 89, 4, 1, 1716, 117
æŽ’è¡Œæ¦œcombat_powerç½‘å…³210004
game_id,account,pf_user_id,pf_role_id,pf_user_id,char_name,combat_power,level,role,ss_camp_type,pvp_score,charm_point
210,gggkenglovenoon4399@gmail.com,100036248,41430,?l3lä?kZëëd?,197467, 90, 1, 1, 2538, 5327
210,facebook100027459,100027459,29753,?Toey?,190295, 89, 4, 3, 2194, 717
210,matoomtaoaey@gmail.com,100028804,31591,Tao×,186176, 90, 3, 3, 2887, 2646
210,facebook100017938,100017938,29376,?ST?,183981, 89, 2, 2, 2218, 54
210,gggttc38246@hotmail.com,100011159,29327,7???,173388, 89, 4, 1, 1907, 90
210,puengnay3365@gmail.com,100035774,40807,°??????ß???????,171158, 90, 2, 1, 1988, 627
210,facebook100023953,100023953,29205,•??????•,170481, 89, 3, 3, 2296, 0
210,facebook100028040,100028040,30548,??????,170000, 86, 3, 3, 2325, 4958
210,norrawat.m@gmail.com,100026033,29556,Pi€ha,169417, 87, 3, 1, 1838, 0
210,facebook100002290,100002290,28936,????????,168834, 87, 4, 3, 1786, 9
æŽ’è¡Œæ¦œcharm_pointç½‘å…³210004
game_id,account,pf_user_id,pf_role_id,pf_user_id,char_name,combat_power,level,role,ss_camp_type,pvp_score,charm_point
210,gggkenglovenoon4399@gmail.com,100036248,41430,?l3lä?kZëëd?,197467, 90, 1, 1, 2538, 5327
210,facebook100028040,100028040,30548,??????,170000, 86, 3, 3, 2325, 4958
210,monoone2511@gmail.com,100019822,32710,~KiKi~,164764, 88, 3, 1, 1285, 3499
210,gggkartoonareerat38@gmail.com,100013531,29520,???ï??????,137347, 85, 2, 2, 618, 2681
210,matoomtaoaey@gmail.com,100028804,31591,Tao×,186176, 90, 3, 3, 2887, 2646
210,facebook100015242,100015242,32736,?Ä???°,128596, 82, 3, 3, 540, 1187
210,facebook100027459,100027459,29753,?Toey?,190295, 89, 4, 3, 2194, 717
210,facebook100005224,100005224,38201,?????????,142561, 84, 2, 2, 796, 647
210,puengnay3365@gmail.com,100035774,40807,°??????ß???????,171158, 90, 2, 1, 1988, 627
210,gggpoypoy010639@gmail.com,100000258,29168,?????,150823, 89, 3, 3, 1607, 626
æŽ’è¡Œæ¦œpvp_scoreç½‘å…³210004
game_id,account,pf_user_id,pf_role_id,pf_user_id,char_name,combat_power,level,role,ss_camp_type,pvp_score,charm_point
210,matoomtaoaey@gmail.com,100028804,31591,Tao×,186176, 90, 3, 3, 2887, 2646
210,gggkenglovenoon4399@gmail.com,100036248,41430,?l3lä?kZëëd?,197467, 90, 1, 1, 2538, 5327
210,ppp777888999@hotmail.com,100008166,30785,SalmonW,139865, 86, 1, 2, 2403, 0
210,facebook100028040,100028040,30548,??????,170000, 86, 3, 3, 2325, 4958
210,facebook100023953,100023953,29205,•??????•,170481, 89, 3, 3, 2296, 0
210,mixmix0551@gmail.com,100025555,30006,???????,151321, 88, 1, 3, 2271, 0
210,facebook100017938,100017938,29376,?ST?,183981, 89, 2, 2, 2218, 54
210,facebook100027459,100027459,29753,?Toey?,190295, 89, 4, 3, 2194, 717
210,banksing01@gmail.com,100035576,40563,ß???????,158481, 88, 2, 3, 2189, 0
210,puengnay3365@gmail.com,100035774,40807,°??????ß???????,171158, 90, 2, 1, 1988, 627
