æŽ’è¡Œæ¦œlevelç½‘å…³210006
game_id,account,pf_user_id,pf_role_id,pf_user_id,char_name,combat_power,level,role,ss_camp_type,pvp_score,charm_point
210,facebook100010346,100010346,88888,??????????,180554, 89, 2, 1, 0, 285
210,kikzaqq@hotmail.com,100065098,87680,?lttoSh????,153822, 88, 4, 2, 0, 189
210,facebook100014385,100014385,87718,?????????,153044, 88, 3, 2, 1010, 162
210,facebook100030173,100030173,87388,??ä??~?™,147895, 86, 1, 1, 0, 191
210,english9999@gmail.com,100030816,89956,?????????,135929, 86, 2, 1, 60, 36
210,iam_pp123@hotmail.com,100062042,87595,????????,162936, 85, 4, 3, 0, 18
210,dargon_130339@hotmail.com,100019097,87771,~??e?x?~,144577, 85, 1, 1, 39, 216
210,lukmoosama@gmail.com,100063592,88657,MooNi,139071, 85, 3, 2, 688, 72
210,facebook100066357,100066357,90205,?????????,134301, 85, 1, 3, 90, 9
210,facebook100065749,100065749,89045,?????,136078, 84, 3, 3, 0, 81
æŽ’è¡Œæ¦œcombat_powerç½‘å…³210006
game_id,account,pf_user_id,pf_role_id,pf_user_id,char_name,combat_power,level,role,ss_camp_type,pvp_score,charm_point
210,facebook100010346,100010346,88888,??????????,180554, 89, 2, 1, 0, 285
210,iam_pp123@hotmail.com,100062042,87595,????????,162936, 85, 4, 3, 0, 18
210,kikzaqq@hotmail.com,100065098,87680,?lttoSh????,153822, 88, 4, 2, 0, 189
210,facebook100014385,100014385,87718,?????????,153044, 88, 3, 2, 1010, 162
210,facebook100030173,100030173,87388,??ä??~?™,147895, 86, 1, 1, 0, 191
210,auil113@gmail.com,100065982,89478,??????????,146147, 84, 4, 3, 314, 0
210,dargon_130339@hotmail.com,100019097,87771,~??e?x?~,144577, 85, 1, 1, 39, 216
210,lukmoosama@gmail.com,100063592,88657,MooNi,139071, 85, 3, 2, 688, 72
210,facebook100065749,100065749,89045,?????,136078, 84, 3, 3, 0, 81
210,english9999@gmail.com,100030816,89956,?????????,135929, 86, 2, 1, 60, 36
æŽ’è¡Œæ¦œcharm_pointç½‘å…³210006
game_id,account,pf_user_id,pf_role_id,pf_user_id,char_name,combat_power,level,role,ss_camp_type,pvp_score,charm_point
210,facebook100010346,100010346,88888,??????????,180554, 89, 2, 1, 0, 285
210,dargon_130339@hotmail.com,100019097,87771,~??e?x?~,144577, 85, 1, 1, 39, 216
210,facebook100030173,100030173,87388,??ä??~?™,147895, 86, 1, 1, 0, 191
210,kikzaqq@hotmail.com,100065098,87680,?lttoSh????,153822, 88, 4, 2, 0, 189
210,facebook100014385,100014385,87718,?????????,153044, 88, 3, 2, 1010, 162
210,facebook100049801,100049801,88892,?Nol3rAZ,78449, 61, 2, 1, 30, 90
210,facebook100065749,100065749,89045,?????,136078, 84, 3, 3, 0, 81
210,lukmoosama@gmail.com,100063592,88657,MooNi,139071, 85, 3, 2, 688, 72
210,ghotza1003@gmail.com,100064986,87380,G00GLE,131054, 80, 2, 1, 0, 54
210,facebook100066890,100066890,91166,~KeanU~,79234, 66, 1, 1, 60, 54
æŽ’è¡Œæ¦œpvp_scoreç½‘å…³210006
game_id,account,pf_user_id,pf_role_id,pf_user_id,char_name,combat_power,level,role,ss_camp_type,pvp_score,charm_point
210,aunsiri555@gmail.com,100063211,87444,??????,132379, 75, 2, 3, 1024, 23
210,facebook100014385,100014385,87718,?????????,153044, 88, 3, 2, 1010, 162
210,facebook100013896,100013896,87422,i??eu,117293, 76, 4, 1, 717, 18
210,lukmoosama@gmail.com,100063592,88657,MooNi,139071, 85, 3, 2, 688, 72
210,toomlovetoom1999@gmail.com,100064972,87340,s????o•***•°***°,84637, 67, 2, 1, 637, 9
210,punnawep@hotmail.co.th,100031722,87342,??????,92549, 70, 2, 1, 635, 27
210,djtopfm915@gmail.com,100065160,87792,OamYim,85656, 57, 4, 1, 516, 18
210,facebook100004176,100004176,87562,???????,85561, 70, 4, 1, 476, 0
210,gamelovefonza402_@gmail.com,100065380,88273,KeeHeeGameMer,85949, 70, 3, 3, 465, 45
210,facebook100066806,100066806,91347,Kanhum,131503, 84, 1, 3, 386, 9
